MP0008	MP0009	MP0010	MP0015	MP0018	MP0021	MP0022	MP0024	MP0026	MP0034	MP0035	MP0038	MP0042	MP0043	MP0044	MP0050	MP0057	MP0064	MP0066	MP0073	MP0074	MP0075	MP0076	MP0077	MP0080	MP0082	MP0085	MP0086	MP0087	MP0088	MP0092	MP0093	MP0095	MP0098	MP0100	MP0101	MP0102	MP0103	MP0112	MP0116	MP0118	MP0119	MP0120	MP0122	MP0128	MP0131	MP0132	MP0135	MP0136	MP0138	MP0141	MP0142	MP0146	MP0150	MP0151	MP0154	MP0156	MP0159	MP0167	MP0176	MP0183	exRNA000003	exRNA000005	exRNA000035	exRNA000048	exRNA000053	exRNA000059	exRNA000066	exRNA000086	exRNA000091	exRNA000097	exRNA000099	exRNA000107	exRNA000110	exRNA000118	exRNA000145	exRNA000172	exRNA000183	exRNA000191	exRNA000210	exRNA000221	exRNA000394	exRNA000408	A2M	APOD	APOE	APOF	C3	CFH	HBA1	HBZ	IGFBP2	IGKV1.16	IGLV1.51	METTL18	MFGE8	NAP1L1	PRG4	SERPINF2	SHBG	TAGLN	TUBA4A	VTN	YWHAH	YWHAQ	subgroup_MARD	subgroup_MOD	subgroup_SIDD	subgroup_SIRD
0.17179693779422278	-0.05331253161448886	-0.05699715593805009	0.0074151955249537466	-0.025160208995575098	-0.006872997091113948	0.020879266087956663	-0.008628887457435673	-0.014172278591741874	0.045484105902251847	0.014638831994694634	0.0010535839942025047	-0.01833976688517086	-0.22106900684329636	0.01763349477588336	-0.008977452552119427	-0.004782801674838315	-0.003795532643837375	-0.0037305305988847284	-0.009797100613847797	-0.027481850813887685	0.006816397073031197	0.03876485656259934	0.013996153593912408	0.012895826719071352	0.0017221694705047762	-0.06812260026993869	-0.10940053347231618	0.0004584276518781215	0.0052017057341911055	-0.02253858441049694	-0.0331602348589933	0.09855269784465506	0.006785043480699419	-0.0013407098070839646	0.01159292980715181	-0.014922855824262622	0.012690421880059047	0.006300643366579363	-0.15594072466310913	0.029921450159574682	-0.007381113112124219	0.0066746127813313355	-0.02072104255744582	0.024732706261459642	-0.013453776564508413	0.2511969926890055	-0.014071134822389234	0.06828734793306779	0.01513882328646003	0.054663461736448	0.044458574490176796	0.006621962453929432	-0.010259565497098557	-0.008491954148495918	0.001542705710239225	0.028302687297963515	-0.02334377994963419	-0.004474981475711019	0.003825696037330981	0.002397317703001634	0.07612116172003741	-0.005215240338887731	-0.013171804205846852	0.06707834543213907	-0.1324911262238273	0.15402245285223	0.002085342505932038	0.010277213315293273	0.11861656517207747	0.01993922186294541	0.043699123696772785	0.032741658332246	0.0039817311846498575	0.008544808885549126	0.06263490494524483	-0.003909207048636095	0.07229254722357921	0.009533976877108523	-0.0033465319536366274	0.0114699958189814	-0.03781777760431677	-0.05992212727234388	0.06233268222815492	-0.003968120135291343	-0.013456111269942082	0.046135427337138143	-0.015585244817300642	-0.06932396435432016	0.17715037434923042	0.007257155299295353	-0.035743668730702276	0.043928299740968416	0.024431603926236604	-0.004526430226360367	-0.03036729885910645	-0.0005285592399318186	-0.0013804093090361916	0.010113811038391742	0.07221937618057375	-0.04106888816909057	0.025972680690226672	-0.03481533722320391	-0.0008133179695204171	-0.002320065968505224	0.017578288233568905	0.00033178080769180824	0.02127733217555846	-0.006209839985964766
-0.028821415779365228	0.03863580566931317	0.011589947772459423	-0.028705778640820943	0.03791250817489182	-0.001099925906615549	-0.005002767876967556	-0.02612621401835435	0.03489767477227231	0.01466820615623044	0.0005106261183806226	0.020308799499362172	-0.04869260715156201	-0.22507126196263508	0.011158835540783733	-0.07894308619062289	-0.007141356093206182	-0.0009581912761293459	-0.004900108134624037	0.12134336631468645	0.007892350476613396	-0.0002903689945811087	0.02350588071805671	-0.00981286364066111	-0.007697950410639605	-0.003532419099471181	-0.04049835856032996	-0.03178650834810797	-0.000978889083426525	0.008139251341763088	-0.0014764732675682766	-0.03801802184697774	0.06907241753645746	-0.007787901774965976	-0.0008047682904238474	-0.000835459409792609	0.0001380641108399755	0.039236461140953346	0.000686067697112321	0.039790309874192624	0.04470742303698932	-0.005347542763837083	0.03142169109078817	-0.007592150739909538	-0.047542143922823375	0.007750582909301336	-0.03037339392638173	0.05197605568322644	0.10266246671935653	-0.007364868428975762	0.04386561775556765	0.006208509773384331	0.03217555221279621	-0.008947089847904773	-0.03248729499648026	-0.0006737443792099166	-0.02146403449735498	0.008007835547781322	-0.002651935395138339	0.006204939477581557	0.0006734652739206309	-0.013835419748433518	0.2236381284171403	0.03440691832507851	-0.07711590155809668	-0.001408550705048023	0.016078289612404414	-0.018013922786393417	0.02062658484321105	0.029924585341064548	0.0005451421167353724	-0.012244839449651981	-0.029930414086236118	-0.00012156263929237173	0.01717407220787609	0.0013970260656798329	-0.0058282080083889186	-0.005977650429612685	0.015875195022082327	0.004718995564900369	-0.007065692204055518	-0.0002563227019851971	0.03158344301869388	0.06308442376240476	-0.005725478067628182	0.017953002350679464	0.009450951351524862	0.004749187373863795	-0.0250396319668103	0.0034210009191484006	-0.0002588396920336281	-0.010966636826544186	0.002780284879032101	0.014838348381290768	0.0013423089498265778	0.0039843022677350055	0.0007892829562602846	0.0020952073585270596	-0.018452860703285858	0.01721298656751667	-0.04056565332602407	0.051135777555562194	0.003193157522081489	-0.0005479020859878393	-0.018765929870993334	-0.009055481817293074	0.00033178080769180824	-0.03951504546889429	-0.006209839985964766
0.1519057795834199	-0.01616063339128044	-0.059855182953281995	-0.020180385049439746	0.021292585574272747	-0.03256316327695609	0.08664287460056654	-0.07443647192212376	-0.03438969585353347	-0.009781431624908906	0.0016411545739904165	-0.02791917838846843	-0.08296408815304943	-0.14083032185102842	-0.07096440123445207	-0.10009412089109501	0.010867284229357505	-0.0077121795607464575	-0.00021033663533901348	-0.07849256101931036	-0.04806111808367889	0.007674153030508946	-0.09401092910034045	-0.013102733520904776	0.040290412823343245	-0.0007228810528426841	0.007428519508426917	0.0006498401568789052	0.0010895949034649569	-0.0006621342820750006	-0.023359963419384414	0.05975865159550037	-0.025031843702973074	0.04545384171128146	-0.005709314525999458	-0.004496919147147448	-0.012799567355992568	0.07718687378481007	0.0494455745161033	0.055516961665263084	-0.06569140702053444	-0.002830907731196763	-0.06586985351042121	-0.005089044671757188	0.07306799744301004	-0.021513361852437164	0.007836729610192009	-0.04271571044782211	0.03337556066236712	0.0009245363139976638	0.01333159897510686	0.014470773648009907	-0.02228171291417614	0.003626393922948648	-0.034921459289674356	0.0006596838456318986	0.01106174388576587	-0.03749269615688201	-0.004747602822017939	0.002670723625072563	0.006498256541459698	0.07717524412260413	0.00463292729320542	-0.02136359380698296	0.12329972110946005	0.014590839768060809	-0.049256062766443995	0.00993865741765589	-0.0007216259067767135	0.08485533903719279	0.006195572495925459	0.021263799816492786	0.010138472804743419	0.002051357968228587	-0.007675907918419906	-0.0053271441535065935	-0.0010782603617820513	0.07760195618879694	0.010468097931328451	-0.0049289173209426974	-0.0027219260753422597	0.00388684121056826	0.04373509035690641	0.06668315087342108	-0.004949817584077198	-0.012244224457607636	0.005214053824438236	-0.01783547521598728	-0.03273940696381962	-0.03218290236157335	-0.031317761589549395	-0.01225591422087828	0.009696083852371255	-0.009903155176313214	-0.0026162566886978266	-0.0017287105412542708	0.0008245055309067019	-0.00017614762513637363	-0.03346862470678802	-0.03389868560406365	-0.17271603258435816	0.061375865772810415	-0.04493302067005971	-0.0016008777816706287	-0.0013925813421112156	-0.009055481817293074	0.00033178080769180824	-0.03951504546889429	-0.006209839985964766
0.02384823288180378	0.012383420092942717	0.029789044427497236	-0.013962411126028588	0.05413255421335765	0.0012918859120468313	-0.004655233678533033	0.03850429136133157	0.022465288252267256	0.0070727418643289205	-0.004653901843371502	0.02432777200973808	-0.07963652685561758	-0.270108980160482	-0.042176686185156076	-0.09101671660517746	-0.0029686823743254186	-0.003274714769462595	0.011358441059593492	0.040117276734367796	0.06349897092716238	-0.002593053453226893	0.11931203750803014	0.048415904646442194	0.048535150307831974	-0.0004730633715229582	0.16586113770035127	-0.1798271297108912	0.002368855210724481	-0.005081371236453352	0.010733115791676967	0.03313741338057364	-0.022995418491260244	-0.044611076855125546	0.004266664288642571	-0.003453676785629111	0.009878021940160454	0.0713199583484267	0.012726956789538873	0.060712186485239794	0.0008164115955215316	-0.016730000908431488	-0.04188517994290442	-0.0040509226021034	0.1546133742915224	0.004766797939692337	-0.019839246425010865	-0.08301995568199041	-0.023817378967423773	0.0011391167012683807	-0.02335029693563391	0.0005637564096065829	0.01784322084373888	0.002525675259743568	-0.03427632986936073	-0.00022292985790161958	-0.017081045686145647	-0.030989885019413837	-0.031035607739610685	0.00478248957113362	0.0027712263537434424	0.017526400797303904	-0.04298590244011778	-0.021731664637816804	0.023136940729602123	0.03761071107827882	-0.09109765341282691	0.01457631776588894	-0.02806122645357571	0.04378804759032871	-0.003264256174610327	0.010678415244623807	0.008880838064153984	-0.0001512637987623277	-0.004011920066610459	0.0014797064804738626	0.002428644323180627	0.06278602583155041	0.014700674072543291	0.00039169926026762155	-0.004025937681936337	0.02622268005874951	-0.05992212727234388	0.05274632407054954	-0.014873117616491285	-0.0018948090424090974	0.04538627042331621	-0.03282048276315575	-0.09311744401342827	0.047025215943407785	0.006627577340049816	0.006673243128751658	-0.009200910522673971	-0.04156338340102765	0.008935742228412894	0.001622969176004248	-0.0007814331425961013	-0.0010718925263853612	0.00803336540337521	-0.04866355877660456	0.10875355344086668	-0.0036146037195217773	-0.025614190643734856	-0.0010120167386218463	-0.005504073540110511	-0.009055481817293074	0.00033178080769180824	0.02127733217555846	0.030318630519710326
-0.44427552678156546	-0.038822900153689874	-0.03644743945049435	0.02357329816556575	0.00165738310690985	0.06818812643673915	-0.009068329314007754	0.015641920547206017	-0.02268045829986213	-0.0006491865891286066	-0.007042412861615956	-0.05269591310100171	-0.09033476979783255	-0.3206593152657598	0.01742223568361053	-0.0440322552987687	-0.011299922774891972	-0.0035755995272521595	0.0025029159853634585	0.012049183230786693	0.0928470622361669	0.00428347891046338	0.07425897703697516	0.06424664616420972	0.04921784355888392	0.0007802000943886759	0.02749275925996887	-0.019473364178566006	-0.0005392692548429409	0.007788338446199546	-0.02556731063695336	0.010385067365320523	0.0900976254593252	0.011355463510651188	0.0005130087743657139	-0.00219248463793789	-0.016997895471356966	0.14884249688806972	0.04400949018430069	0.08202315174273074	0.052471132318747275	-0.009367063403741053	-0.04409282027372503	-0.05559507362991294	0.004637525173218403	-0.007330969284610491	-0.000885790226579515	0.011403996726972565	0.03180735563575832	0.006305462345152698	-0.042384301701197655	0.017846874505634876	-0.019241308451518866	0.004935295935116091	-0.01776313186328702	0.0035396132482839572	0.043603785161719345	-0.023971112879457877	0.010694155160995499	-0.0014736461255485485	0.013151971094313172	-0.0015422707848319836	0.03286642330243864	-0.02533270949533141	-0.0001608032350909069	0.007018294913066466	-0.06539300358476265	0.00798035256873862	0.032057044049146756	0.04287938369809676	0.003950998239426924	0.012555250427789592	-0.004805520939628513	0.00426366065763392	0.002794672251253123	0.0077997787775878295	0.0049575303949264465	0.01315110822583558	0.028292008226550144	-0.018619501174366178	-0.005062311218309502	0.004198357894752846	0.03610094683191449	-0.05849341124229524	0.02526851297238859	0.0013901580511638204	-0.06800223226524257	-0.013513476965856294	0.06362525098944058	-0.011209658550812301	-0.035749540355089045	0.36779559417732477	0.011659366195601545	-0.030841697768085576	0.005813717731963294	-0.0026567405623998106	-0.0015724678510750038	0.004864497050047458	-0.001922944092234869	0.08445435069942801	0.18733226222053337	0.005016494461790065	-0.038513085000250295	0.00030361416122145406	0.0002571576552555951	-0.009055481817293074	0.00033178080769180824	-0.03951504546889429	-0.006209839985964766
0.17579796417865015	0.054234921350028505	-0.05105237363973783	-0.009727189233212478	-0.009439521308572129	-0.03668183898529867	0.015133933772564825	-0.014286261942033272	-0.02211989754194397	-0.07181415381931358	-0.013190188062265185	-0.016282432945298613	0.03058467712580544	0.19102941784484728	0.07359194549449907	0.03274766238277636	-0.0030650057555963416	-0.0012240612976994632	0.0006637153232549865	-0.059626019764166045	0.05390036796335788	0.007629392732558267	0.06140913466484468	0.0045700329651054035	-0.025471789545961483	-0.002386736603570636	-0.03101430667618957	-0.023728861195371147	0.0006440645135620626	0.0036299394126819333	-0.0018125218609507249	-0.03253549285776195	-0.04291091170836816	0.015906393760651647	0.006440868711070696	0.010662550952287698	0.030702874670438474	-0.11491464291694718	0.018224804448338017	-0.0034184670484503563	0.048870493498357155	0.001327862658632399	-0.02663583878978995	0.016546414957331196	0.05123392153679327	-0.011999315112074374	0.09202203786175789	-0.029731683996433497	0.011719183178519024	0.006208974287425566	0.0678648069024296	0.02229312071354689	-0.03011229631087309	0.005580765342237147	-0.04613091940850506	-0.0007174895469177567	0.10135767529695489	-0.04901648580831794	0.013398549149934767	-0.003892562496075949	0.002885687255782754	-0.00026455414605959824	-0.023820176481737364	-0.01613066459011436	-0.031158875056253366	0.005338949376866664	-0.062482687794985	0.010247910434497848	0.0117256159294625	0.06892545603528004	0.007726156146306975	0.024470059949872815	-0.002039358912869597	-0.001581277133737893	0.008334350412411984	0.0004228866215809889	0.005427817677131206	0.020259513521686708	0.013429209851820023	0.0006915512784755972	-0.004829367062308331	0.012720991446172072	0.03593336863235061	0.022179330301536616	0.007991892516126944	0.057485820835976406	0.01138890324014093	-0.032646157844674735	0.024385371324930984	0.02933314996314573	0.007230692740465441	-0.014576996056897168	-0.030226903867737763	0.009782268111254688	0.0007356515278755721	0.00023109797091655935	-0.0008571896897636807	0.0036750448418030953	-0.001316865705065192	0.03699654472133613	0.06934465135870951	0.02924761716274481	-0.022309225445536988	-0.0002554063979007725	0.0015029636018418571	0.017578288233568905	0.00033178080769180824	0.02127733217555846	-0.006209839985964766
-0.22093336371153344	-0.1003960881134004	0.01998519209204299	0.01097843087988985	0.03309621469315843	-0.07341269895737317	-0.01677573844315987	-0.026430405523746786	-0.024966550544946002	-0.01817782483639419	-0.00012742376663403082	-0.023767582390530725	-0.19419541448169472	-0.5811743072698854	-0.012000309507640921	-0.01723386447337776	-0.0042804430926006495	0.0037825144789724206	0.0039745503152502255	0.033454548118254	0.07434970824801919	0.0005146792794735294	0.04709915187183347	0.058940867100683025	0.06556495421409526	0.0016797644046099424	0.020675547169376255	-0.07275503809095145	0.001032564167166442	-0.0052031530207823804	0.00921758806386276	-0.12236977709908561	0.08775984479378043	-0.06565094783395353	-0.0023171956501235025	0.0061790467840048425	0.007627195157046333	-0.0853922376871496	0.057873240546092095	-0.010003655144519622	-0.03507962352866335	-0.01676456227403084	-0.044027144378157836	-0.030700133594322904	0.08217122268200376	-0.004261487333593681	0.005371427889505495	-0.029541226580070447	-0.06286867355222722	0.010347286448157713	0.005710502798837154	-0.004984661078304931	0.02076996488816641	0.010599532234898887	-0.043787446552053425	0.0015992564078135786	-0.03863393798574701	-0.098027422744808	-0.004975756058190654	0.0016236687301141245	0.0029024080525114427	-0.04341256880268477	0.03841300360547942	0.0702117853443959	-0.0528810712040881	-0.03249317800790584	0.029447244966820243	-0.0169561668823069	-0.026937535038036975	-0.026270023277018467	0.0047165650326788525	-0.016435134619228613	-0.01099580768502623	0.007128471728360402	0.006103238523836112	0.006712755166868423	0.0017512523806431268	-0.038408470779410585	0.004955780075082602	-0.011175379926037654	-0.004301559112892841	-0.03781777760431677	0.019827738907619966	-0.025233173628087482	0.006939820333907728	0.023717802259507488	-0.013876952040072846	0.004810155496046005	0.05937674506691212	-0.04324412566403968	0.012718557829922105	-0.054764667309618834	-0.009163105603867426	0.021897890325789975	0.00020978817011506258	0.003190785724294008	-0.0009869146980067674	-0.007248360929600402	-0.022585844578125572	0.08458291373027756	-0.11157138091002733	-0.014410155406391468	0.002717411716236274	-0.00011486776315685424	0.0004291135308449642	-0.009055481817293074	0.00033178080769180824	-0.03951504546889429	-0.006209839985964766
0.258019118176582	0.005888816902623177	-0.04472802922217357	-0.0016736036298768161	-0.04403484744215987	-0.06967333039968213	-0.005560279122747715	-0.024688181110285836	-0.024991826258815596	-0.05768572284062798	-0.002491429112056351	-0.004511189722649456	0.007188557506541137	0.015393575098529734	-0.027217537724929994	-0.062219014045391555	-0.0068919044041237795	0.003775005111935809	-0.025017312131548192	-0.03512542610430208	-0.025735734238043807	0.005046343452070057	-0.031963456911821016	-0.01392099330933671	-0.018654510624348183	-0.0004657294835072072	0.021332561403143945	-0.0367752028590167	0.000999686517184033	-0.004605433113343574	-0.033237824074996224	0.023326797869599215	-0.013781146503173834	7.196954304095567e-05	0.005961955672818344	0.012704304683471957	0.008498426033160294	0.09717428255104817	-0.01806621198639079	-0.031640622033861324	0.07221220540568805	-0.0036038279466633944	0.015205697537699656	0.017328938510204343	-0.022139657079304695	-0.010233086378908313	0.041477020304491685	-0.018776672381306692	0.002637420092133915	0.0019678086451122424	0.07455464571803337	0.13625892555943678	-0.0333294441485069	-0.006253450523211143	-0.10847539930481398	-0.00048760090845999514	0.01075330360978511	-0.020896816884949383	-0.004289104613784385	-0.00043922807191935725	-0.0021757107883895233	-0.05540309848235592	0.08464196264722054	0.0586096665935722	-0.04712436964610576	0.017364586289702968	-0.03433587655156056	-0.014185456345843124	0.0032999424512519257	-0.05816294730463143	-0.009901855363568616	0.0022872074056094135	-0.014194488154321953	-0.007411309928054032	0.009432852863872982	0.002471098571493945	0.002196576508123836	-0.24751914690181173	0.015898596178514048	-0.010109059196810707	-0.004302525683840533	0.01326814584236099	0.013194299541242367	0.025872922692867714	-0.00418584820144481	-0.04452101797254012	-0.01848441106129256	0.022886157306916663	-0.004319576179766168	-0.13629670328789675	-0.01904589453970316	0.02894019175290295	0.0018785162099928363	-0.04144733827876784	0.00951305010045466	-0.0017477653766419493	-0.001254753057628668	0.0049466998049491895	0.0005580812803084116	0.00309034007912911	0.08080309341735949	0.020252572696413156	0.006905837300582616	-0.000361992590538741	-0.0008882202750381845	-0.009055481817293074	0.00033178080769180824	-0.03951504546889429	-0.006209839985964766
0.1247243741705761	0.07142785200358774	0.001712515192112472	-0.021066371519514966	-0.05590408125455301	0.07802524789331738	0.009176376678163626	-0.02333117498943799	0.015124894754559135	-0.024707550595273135	-0.0010242756182867996	-0.0031705074536234022	-0.12811945329687438	0.09492201279599345	-0.031085473409758226	-0.03337205717854072	0.007040550957515861	0.0018690976186648064	0.008665548579063603	0.03155141663478017	-0.01116046346119721	0.0005780268371804997	-0.11623827082893735	0.01750921559966668	-0.05706366338102128	-0.00347196584063351	-0.03350753123402065	-0.02414505484798882	-0.0018152343798740905	0.0019692733474339567	-0.03056746152160182	0.014610391448858605	-0.10321199376021925	0.0014485438627330168	0.009649870535150843	-0.012614971263411223	-0.021089385237696913	0.023924278645641874	-0.0018189759347286014	0.006869176427099131	0.022391091859964424	0.00812622044091468	-0.0020253362554469804	0.01145621475917433	-0.13890822049494547	-0.005389312089669054	-0.016898601556863267	0.05622765658504833	0.08484034778592574	-0.0070579334838350586	0.0019556409853265814	-0.029271112175184362	-0.011946724842039225	-0.006962359835339473	-0.057237306826329874	-0.0015197244399274357	0.012538332003999385	0.31032215507230854	-0.02126195949347586	0.008756113862931573	0.0023420625631053772	-0.08857779585095867	-0.2488063770800152	0.03539312491811176	-0.020322196502775763	0.025536565463974693	-0.04905922063712585	-0.018320569405775408	-0.008803236498849022	-0.07949212843295615	-0.0095309216426058	-0.028860434214125458	-0.013858355548794724	0.008238198374634631	0.0030981047442478404	-0.006767890248105667	-3.412678008501776e-05	-0.0074747173039312114	0.013960910147421204	0.0034092566431067925	-0.005703127774484726	0.006524949723205936	-0.05992212727234388	-0.04142827495623974	1.6955729834725811e-06	0.07562732168331851	-0.009392814589447579	-0.028206007583851035	-0.07902542707061967	0.02729720664849036	-0.04161464073593919	-0.05957449823287557	0.0008956154806711085	0.002741872031368477	0.004674634029451842	0.0011398441720551816	-0.00040483764559265097	0.005075325601822439	0.0042804078794028005	0.0026281015861966527	0.02913180066910157	-0.000277176178942065	-0.023142655911535283	-0.002511065111822369	-0.007512605752903594	0.017578288233568905	0.00033178080769180824	0.02127733217555846	-0.006209839985964766
0.1284305928428954	-0.07300951756796177	-0.007194144951715568	0.012233549073815863	0.02863623071668598	-0.06954606051614164	-0.012030292510728688	-0.008581893404251256	0.018664291516739897	0.04487897155258405	0.0031662268227888785	-0.020109302769919794	0.16949332758892888	-0.23524301209772744	0.07867961976940743	-0.16972423777652088	0.011642938561516776	0.0007293910548430323	0.02051627522670797	0.046237339328276277	-0.02172183723551959	0.0006675947842513887	-0.06694198041964293	-0.0700848100873884	-0.04580101677320269	0.0002403916524290166	-0.0702427196190179	0.056931587483190715	-0.001810408749750966	0.003343965398847965	-0.04413141931094202	0.041410534044198345	-0.04843496476070016	0.01959014699556069	0.00524571967611738	-0.011448493475333058	0.0075763680884447775	-0.03158067072638846	-0.016233550005876483	0.005549371561176732	0.07640601593318422	0.05208153766102564	0.11732470177802454	-0.07856621326026587	-0.07010003458486441	0.0022460469000927076	0.10846442081451302	0.05189936205509431	0.08305923280902666	0.004782276539080746	-0.042962433266621435	0.01034143291581646	-0.021831699279240058	-0.002731440552697044	-0.033111303487040195	-0.0004885717006627674	-0.036037342777182846	-0.06489451933994114	-0.010060947762958999	-0.0006332376528046512	-0.010505931978584208	-0.034430516002116565	-0.015020054014420523	0.011549394083460134	-0.03620742978361612	0.033146857905493564	-0.03525762951461182	-0.011382167857834054	0.030113471627831317	0.026360619742435826	0.0024859646303844827	0.008824929027971638	-0.008732003792018704	0.010336304994413136	0.00046493518352835205	-0.013273181615640115	0.0015433549413853597	0.022204475708495854	0.008453822344642136	0.004966156284296894	0.0013415305897594033	0.002691743462080852	-0.04143158451109561	0.03331627990010156	-0.005223735439456314	0.044146282964825465	-0.0063746902228812566	-0.04683013789558081	-0.1579830167644971	0.014728923681691089	0.041449257764366136	0.0009563837146269878	0.0067162237822027265	0.009060264155925504	0.015335648158217767	-0.00591316575819573	-0.001275454921800461	0.009950928900131837	0.03250100735959867	0.018199508552216984	0.14739662287902044	-0.025601776291052168	-0.04062916967811321	-0.001045093003803585	-0.0014277585815506719	-0.009055481817293074	0.00033178080769180824	-0.03951504546889429	-0.006209839985964766
-0.056644413789752435	-0.015672248441886995	0.04116462076541639	-0.0013578340978571664	0.017102921284793113	0.007457494239091593	0.004563498812340868	0.004023634441658701	0.04561119746420554	-0.10883857732389926	-0.003984361953997293	0.011790338101232055	0.05511265859141875	0.030365198209967272	0.025593786115796675	-0.059485400335924185	0.0020613671098113017	0.002813308150221325	0.00475690972939576	0.2605820976488807	-0.02890962253540789	-0.008799241479044385	0.023396322951774982	-0.07707988967475427	0.02835259311750434	0.0002993212734673619	-0.04736837730858601	0.05304834285060183	0.00014507222642674893	0.003067385423320912	0.03199920467744736	-0.04617761573673032	0.05622965127730826	-0.01948433137646322	0.002971420503074747	0.0031012035765046416	0.0024780503825059647	-0.004254553783464164	0.004816529425034254	0.003803962504390371	-0.03633765399712637	0.025429919881856024	-0.0007127443556751746	-0.002757341585188352	0.008751057052634514	0.023543603272172697	0.047887276530724276	-0.000798206948890514	-0.06138094863275215	0.0009831766216977088	0.004561946736731147	-0.056439067196130524	0.005547555686689375	0.009228862584354876	0.09655622263232162	-0.0025951403693531094	0.048947026339283446	-0.01912063560272996	0.03139620732700234	-0.0007786309435984691	-0.005084702833791406	0.03414050850696351	0.0874509031688814	0.02139225167697428	-0.02335140652562582	0.017073949599447174	-0.059816406083124364	0.006483424332648671	0.040206038862896705	0.02567313801927031	0.00573529110192967	0.008464442420606318	-0.026309146637647336	0.005431414646448979	-0.0012101376495952884	-0.004779494548447111	0.005173704180069506	0.040688102642853774	0.011466178462363688	-0.008467082157403723	-0.004582776681958791	0.0030388064376140993	0.0374332181998703	0.030331765659939506	-0.0013339591170362481	0.034709691218370614	0.03200401773891833	0.006713075555272515	0.09320452487731268	0.04574556930060605	0.018648070209175107	-0.02621115940889448	0.016680097317253402	0.026068101864937243	0.008600838334897136	0.0023728523609610843	-0.0007245491928954818	0.005877112736812539	-0.000360173684455804	-0.030037581580206172	0.08808700316062013	-0.00705033868941389	0.020122039704681318	0.00015249544306157007	0.00397421331275968	-0.009055481817293074	0.00033178080769180824	-0.03951504546889429	-0.006209839985964766
-0.26837123235319627	-0.0014381241749883006	0.020280790737412516	0.0246644530069339	0.04742183270947785	0.015266229335617493	-0.0061984928227371795	0.016631633158479087	0.040630030919199436	-0.018334045270570032	-0.0058122223147881935	0.02477155481134008	0.16979016379867903	0.0510328045735988	0.00809021778868477	-0.15564065187365736	0.0007147755944996908	0.003892853384401436	-0.006068780753512868	0.02396200571914887	0.07193102293844242	-0.003766809406492625	0.027937784372293654	-0.055744981145037745	0.01886740517856139	0.0025766144861591477	-0.034498192016989726	-0.08175251122310881	0.0011664801132590626	-0.0005546644358008855	0.024054865760177516	-0.018251342366296518	0.02726581165769462	0.03805075098177521	-0.0014723256497510303	0.018063890769476496	0.009313585139871954	0.02459198547226433	0.0019083697812641719	0.007682992010999804	-0.009789825961936418	-0.011275637639164381	0.007136099308593553	-0.018483710819812687	0.11106620910127596	0.01114669898594946	-0.09525540932786726	-0.03962401639001425	-0.07754521681133794	0.010230478303314024	0.017452588653264194	-0.10355165843955642	-0.0334577791785462	-7.346949520165767e-05	0.09655622263232162	-0.0019448141281727368	0.02023704530607155	0.04154477438825355	0.014365399000643823	0.0021470879008498073	-0.002052253501448996	0.03325751749612847	0.18098788137760888	0.009075280481580508	-0.01823346594508506	0.029120644159874306	-0.0678856146134317	0.005349159126323995	0.03186998241448165	0.045046018666595286	0.008531953376062336	0.01660404224331987	-0.013169845655381514	-0.00015012537513163694	-0.0024518735393487096	-0.00529534853237811	0.0006254409927607781	0.06627206986125701	0.00850379080668614	-0.021725242767698334	-0.0015467799701963127	0.017304934739001836	0.031210840764831216	0.012872435586928393	-0.0009912009317201477	-0.08435130168133527	0.0012433403608975374	-0.01013631229964115	0.019480909206152558	0.011678927867421706	0.015448891508673273	-0.008912411946949321	0.009629259697735348	0.016301285114646093	-0.0024179275933088294	0.003960792509431354	0.0006811002910517941	-0.00509774323457475	-0.010620915822426925	-0.04300171929578264	0.02596508388298984	-0.0046560160308931255	-0.004287597993121139	-0.001485515833122901	-0.0018324891867154737	0.017578288233568905	0.00033178080769180824	0.02127733217555846	-0.006209839985964766
-0.27589221347205006	-0.07422058463823311	0.00017319456737422166	0.030215442117057022	-0.024187027686424292	0.027828954297397252	0.016874005914588625	-0.00917748265097621	-0.031862250503250256	0.0323538175923267	0.002810974090636321	0.006233883782788133	0.1667038994158888	0.0907501188240128	0.07216218326488719	0.12033684461505476	-0.004208674171391139	0.008725397738954544	-0.03473565656482714	0.03216593936118007	0.14839573443395251	0.0002191809056242824	0.13376039119830865	0.033998028106725	0.040343289433318705	0.0043055518387406086	-0.020554483146471188	-0.13256605826763196	0.0009516945478509409	-0.006452741216794035	0.014525785278882741	-0.0873399191453791	0.011932263033046259	-0.027811906334384656	0.009409615008460341	-0.014430607995088147	0.023769035004576833	-0.1351120227077035	0.04646365222131942	0.039341825852410105	-0.06704871254018062	-0.008996524228336704	0.039399531238621284	-0.016568670565974594	-0.005783008498250932	-0.0038897827179096714	-0.13817879965334334	-0.04383119380378772	-0.0001678558065908238	0.00025902106256458704	0.17043411324480648	0.19792795438833144	0.01654490631379093	0.014800428077606731	-0.20437016807303046	0.0015959714554870598	0.0692580631495854	-0.03319689115873956	0.005897006771969932	0.0031857680807389262	0.006336692616480394	0.03416276573982023	0.061756243328903136	-0.011627141556807073	-0.02756772011716996	0.00018988064729253063	0.03719874213840565	0.00902785618832781	0.036290587573014475	0.050948704204684815	0.008987609857433038	0.009861596483910374	-0.014574570875903603	-0.011662229092973325	-0.013540055238278623	-0.00781826169279138	0.0012794260713329042	0.06625811620681597	-0.01157454778200232	-0.02080713009699877	-0.0023490476909095765	0.018315140592221356	0.05065885242556535	0.004934578594477307	0.001231915078982483	-0.030240914360207035	0.08139409222658374	0.012713915656019767	0.05132372911962946	-0.05457279862300187	0.0074945177191213215	0.021178583417291365	-0.014656392101224026	-0.02512638216941852	-0.0022383834278215413	0.00032926281202321563	0.0005342762638406005	-0.0034391109122525903	0.0032104536410241216	-0.044284653453567045	-0.06845475828276014	-0.021873639294634078	0.019336985160460157	0.0016970579499764008	4.31990682492024e-05	-0.009055481817293074	0.00033178080769180824	0.02127733217555846	0.030318630519710326
-0.0020605983066533115	-0.06214929655559484	0.030447165823780056	-0.006398619343627582	0.010876821076789039	-0.010160352306109312	0.011598930135589797	0.0013044742328995403	0.00954700492118686	-0.013092272077704262	-0.000684968528932311	0.048746461667864845	-0.03615528419379565	0.07429843211057177	-0.005226916885392742	0.036470830585112184	0.0006394986352128467	-0.0013362897414936335	-0.002477921089136023	-0.045579414518772336	0.05524182715525974	-0.004397506044065602	0.16299516972723813	0.016095282934157535	-0.010983296130628204	-0.0009506320337890569	0.021097832603456348	-0.026939667572424462	0.000990531233819574	-0.0008473207037531608	-0.008416904870253589	0.024375777513386276	-0.004652439143104642	-0.0801761786940648	0.0018926280815516863	-0.025540539543582548	-0.018863699455519207	-0.027796541878163536	-0.04871304562348619	-0.0010782840256698854	0.07258769759392227	-0.03860728032178719	-0.024470239817865506	-0.07333939834913007	-0.07223099568946695	0.004866842670215251	-0.05406954937995048	-0.04391790807758789	0.10034686737291544	0.003067551399413078	0.009527867099960874	0.02878990053839274	0.019021387688491872	-0.0016741147829517937	-0.0350181776130005	0.002193047589244263	-0.023787002182593747	-0.04301087606870356	0.0284317725888096	3.821671178602847e-05	-0.006469307220693926	-0.043312678971245	0.0911986548088886	0.0012116776015256001	0.019020052040811565	-0.08650874085005499	0.0037472944488175803	-0.02841982631325643	0.008872736263107816	0.030194137263681323	-0.0017536814820508088	0.003277832271618972	-0.003330834651523864	0.0013755105597395496	0.005176928266305649	0.010482800120266646	0.0031490649504028524	0.009577125528256515	0.02816435759887006	0.004073053191539636	-0.003997754991154036	-0.03781777760431677	-0.05992212727234388	0.09602915269627005	-0.0030819513678227396	0.038522127380175575	-0.031820798436659185	0.029507618364637386	-0.07485976641470715	-0.05730033097499494	0.012664193790842866	0.0209931684337629	-0.01436879759081148	-0.005662795563258567	0.0014575351567254016	0.004579275409366938	-9.420443786232594e-05	-0.0003634048959611337	-0.014579599324497323	-0.01978499878750066	0.07290911315285797	-0.007372118200287342	0.00895426017874847	-0.0003771728537689531	-0.009125022510384021	-0.009055481817293074	0.00033178080769180824	-0.03951504546889429	-0.006209839985964766
0.06062230477302143	-0.059029772690339065	0.05740964283640061	0.008535851694243809	0.012778980707674312	-0.0009066081797996315	0.02526530925744065	0.009902763875819417	0.007564437446232194	0.022440278951381735	0.0009440663945074053	-0.010582449495005702	0.1167299003077164	-0.2179886638313039	0.0283225950646802	-0.014856730224500837	-0.00018712354111725856	-0.003405049427590232	-0.001615718972258896	0.06566660066267585	0.061845019697956666	-0.006395068481467492	0.1764805782791293	0.09247649362104626	-0.02068843982367338	0.0029389865712708997	-0.011917587882941554	0.0016873648926380434	0.0006601476835259346	0.002086835917649412	-0.019230879238920112	-0.03180745211628585	-0.09296660446186969	-0.012393589467057178	0.002330656339169537	0.01684227346008338	0.002972962806396537	-0.05373308333779081	0.020074418372573198	0.03185492686845526	0.11271533141868814	-0.0021511731728273906	-0.058528657226320176	-0.03353907158164917	0.013744343700872007	0.0058969909977352394	-0.03263279833700701	-0.027211368904379564	0.05721486733388279	-0.00017771414742951742	-0.0047745435155316235	0.008717826321310233	0.025865332736670126	0.0015397043287153954	-0.021928675279925022	-0.000398444208113759	0.02971788172619425	-0.06181835184889598	0.04516952727975909	0.0026784530052902274	0.0035383460660513063	0.019279050173710753	-0.007444450781129097	0.005107598038458975	-0.0797350120209418	0.02873783861488667	-0.02164590527405825	-0.010977669073454021	0.06002286443954356	0.036906724808127817	0.00863104941576057	0.015406224100950277	-0.03729805514176185	-0.007919739092938633	-0.002395782101294774	-0.020379164593756587	0.003841064335466297	0.05087969185104313	0.03169838807455089	-0.021455286034615696	-0.004846306119829597	-0.002928942796273997	0.041035898007458056	-0.04549248870920156	0.004297750731153819	0.001763832982922621	0.03768816354393592	-0.04385207392583508	0.008787680339880736	-0.023831533871016986	-0.010097645998033101	-0.070430825270976	0.02152669493031068	0.00630988673264676	0.004762064344142131	0.00017958949517060045	-0.0006666539492020407	0.0017869914151732703	0.0016615321036193786	-0.0032121981438009723	-0.024045185189811642	0.004568281825616415	-0.01229214893446702	-0.0004745164691451708	-0.0003948728061761602	-0.009055481817293074	-0.002038082104392536	0.02127733217555846	-0.006209839985964766
-0.013558998113089625	-0.11641598601727923	0.040105455057475724	0.012404494171932996	0.024908380923020924	0.018126984540176996	-0.0034060192492635904	0.03506213404920288	0.0035305527648194198	0.035099819205724185	0.0015028879562121633	0.0014623088224457767	0.039571968414936445	-0.17640191196510774	-0.0018213795095486968	-0.10242079526452755	0.001586870231952397	0.0014325866878115133	0.001181369108564787	0.08065829383772141	-0.049152058235280065	-0.00646107067744806	0.028490273458251097	-0.018974564599452085	-0.05065972027409517	0.0026850338012917915	-0.06770454315168442	-0.07191651112003203	8.877824458882003e-05	0.005417992264521164	0.004793790961729498	-0.032853652487738146	-0.021597415199807672	-0.045098252448639416	0.00889052666200225	-0.009146884782723559	0.00912942424562721	-0.12485581558113289	-0.06180966812888315	-0.01814748604786663	0.0833133753334785	0.05081342611538566	0.02639485852784574	-0.018678327884348214	-0.04326579902630712	-0.005952521528169328	0.08878254318757237	0.0020019985496648523	-0.017709477128131024	-0.0007542131220268451	0.0048105604225040935	0.013299751986177671	0.033246403862283946	-0.009516482395888717	-0.010243193157689462	0.0010293172851072957	-0.02340994179688319	-0.020512220794283453	-0.015268086291763142	-0.0012119937357967143	-0.0002670045524454163	-0.006498001765361161	-0.020470665341413532	0.05849787811310909	-0.03933461980949574	0.02202632858330505	-0.021983494842096572	-0.010859435493711385	0.017268987031898886	-0.028004040170351695	0.00037017378981419783	-0.004787400962863552	-0.011074342541543023	-0.00040625361751733797	0.013907740464226737	-0.007511405287049405	-0.0008708727037726481	-0.00279099651674935	0.008481333177982737	-0.003733380464601766	-0.002948241356263204	-0.0030232424902060014	0.010978925516166723	0.03046899689419589	-0.008909972412641205	0.029188889792071755	-0.004499231269435959	0.007933583752541178	-0.12397712693047762	-0.012200135254340072	0.0035315179103084537	0.022978859736757187	-0.018668455184177927	0.047516908381974636	-0.002127833196512474	0.0035578053099815086	-0.0011798119893586098	0.00010650556955282668	-0.023628957809439854	-0.1291011790097281	-0.004132883420007457	-0.014560411925071251	0.01443813892477531	-0.0027717957467368252	-0.010988305102772038	-0.009055481817293074	0.00033178080769180824	-0.03951504546889429	-0.006209839985964766
0.11280510389902951	0.1640612787309519	0.012153374283268173	0.021205973379837866	-0.06347243029550205	-0.006843492933781947	0.02250636216599442	-0.02710139153711614	0.025281797191976926	0.034075284482118426	0.005284398266671215	-0.016767673320464443	0.002143387337351681	-0.2873440088507787	-0.0002553381161577933	0.13743937897449462	0.0010197889624793785	-0.0034592161747117036	-0.0028975068613764396	0.0035053006114567327	-0.12239609709675621	-0.003519493434222639	-0.06715422004448371	-0.05478707231053385	-0.04716975137136462	0.0011936427721994571	-0.00923442569617821	0.022204998774469627	-0.0005784725791521524	0.003956947455570802	-0.0038210360006782386	-0.07589601975999119	-0.0001738438772408943	-0.09890538565291952	-0.0009800877989090818	0.007173874186714289	-0.004974948246437095	-0.06825392585019475	0.013146231027256193	-0.16111265122344134	0.09041589254850459	2.6559894215283217e-06	0.03123398842143509	-0.02903564937404083	-0.04869567029966767	0.004384270009270134	0.08574611763757611	0.02212145636460181	0.08328741822782544	0.0046230132026514855	-0.008080046481197534	-0.012468395825260091	-0.027575601259173004	0.00020836232550429615	-0.02264681865296999	-0.0007592232002271772	0.04349693157417016	-0.023365004320507986	-0.050076537430066424	-0.00445206877172436	-0.0025697584669466464	-0.05904785659217965	-0.10970964299553708	0.01981276338972474	-0.0304343378143981	0.007769526438906056	-0.0289462657374443	-0.020912674854304	0.0022483904708855166	-0.05536986568804647	-0.004831264338685084	-0.01303713632775089	-0.012670513533295995	0.012216074628805553	0.0048656959600060674	-0.0029318018967361705	-0.0025460673649169963	-0.033516329816155974	-0.005654644780522521	-0.006734810373245322	-0.0012164167413194046	-0.009570318128733856	-0.05992212727234388	0.037882650000031416	-0.009730348278015532	0.04529270709673901	0.004060022090139211	-0.006271257844075434	0.027844081205686346	-0.051210296416498574	-0.000965913357835856	0.0005884486974487921	0.0347939901525916	-0.0257551807017485	0.002519910899116531	-0.000908515469045267	-0.00029456431068119825	0.006012485825939826	-0.013250275287362995	0.0502159697408508	0.1115467667044264	-0.006530202396742639	0.030643506342859776	-0.00036411763334761373	-0.003506161789250335	-0.009055481817293074	0.00033178080769180824	-0.03951504546889429	-0.006209839985964766
-0.10227018269005923	0.06894214330455734	0.015815102524945102	0.010141907969393295	0.019736257769336348	-0.012634165750947104	-0.0017693345562528424	0.018302664639996188	0.023022621645429495	0.021104994331178708	0.0019053623099249495	0.019808597611761895	-0.0040315043543392055	0.032152528666851365	0.02024695059599397	0.14221177355907041	0.0025856414033850403	0.00202154932894897	0.013558594398131875	0.03146671000748593	0.005712466465876181	-0.0037357128670633044	-0.0034354167105571268	0.003875019700813044	-0.021412450788466285	0.003426396592875337	-0.07768181951318477	0.015168716794509998	0.00011395685903096273	0.005765892592743594	0.013546720767377098	-0.03747129405055864	-0.005096477650000845	-0.001961100369832455	0.008429910484461393	0.001774734236329965	0.006158047926644717	-0.040457916486473136	0.041787810762410095	0.00299100896163429	0.04573829789718358	-0.010521865927521828	-0.0035622251824506453	-0.024702470362408965	-0.019994520162003322	0.015002297958695445	-0.09034411025762772	0.0036754496808145804	0.034491078737484616	0.00048481185844776353	-0.020287276173247427	-0.10355165843955642	-0.01703719725433257	0.0034704856912530523	0.09655622263232162	-0.0017752476737808805	-0.011321729871048448	0.002086576257109956	0.01723765485258374	-0.0009580616788448398	0.007125084781865447	-0.03775774258239578	0.08071712037058576	0.008184378679650509	-0.030079118699443002	0.016987634960904118	-0.04915479352527094	-0.01993167637431673	0.02602419269649262	0.03473117492199501	0.0040300750621364	0.008317494265285866	-0.009497946400095268	0.004438027558522124	0.012344491193158297	6.590496213783528e-05	0.004325215025245994	-0.07655680309774857	-0.020837007066652584	-0.01482179456950717	0.001511298771156757	-0.025276790417788235	-0.05992212727234388	0.0358316245231784	0.012318858517864037	-0.03091259516247293	-0.0428563111306243	0.019067024839256225	-0.0012097392304751661	0.059197844042490524	-0.0023882471525035307	-0.04539864491693056	0.0009284642472841523	0.018215563652249026	0.0016233257377856124	0.001425196891537258	0.0005820441215043189	0.002548329323795134	0.0031385260812373836	-0.013661400274011233	-0.09576012266683123	-0.005682495736719508	0.013935312858641195	-0.001355554175111865	-0.0015101413714059084	-0.009055481817293074	0.00033178080769180824	-0.03951504546889429	-0.006209839985964766
-0.1017985395553564	0.13624734538987374	-0.031064988160388367	-0.02508491174815941	-0.04030457094394296	-0.013535196656234807	0.0014894642486335398	-0.024459426572868075	-0.029848014865431264	-0.02566323913293099	-0.0038653466175270993	-0.0082652119125682	-0.07490475213598988	0.030688047008351604	0.030827084587856223	-0.006189817261344554	0.000718020542809977	-0.00997678914274672	-0.037327081337645875	-0.09942394235457064	0.09631080096707936	0.004391457549687829	0.0724098679718816	0.010463783671515774	0.009568977091528558	-0.0015558405393492527	-0.13881925038162882	0.012070242601133336	0.00011899388171058133	0.00755837422403027	0.0167859293986023	-0.06484034971886751	-0.012071265555766894	-0.058903759612287596	0.013159645832923988	0.009334320223646256	0.01084183812009088	-0.08425086349516177	-0.0006103540432493483	-0.04814386578277511	-0.03414828500448724	-0.024910086987519613	-0.08156581925735776	0.04994065790079202	-0.01763011815522894	-0.018352561945515895	-0.02872058757656678	-0.003529094136104014	-0.036416049875672846	-0.0007698702251966196	0.12403206023667508	0.165811463030942	-0.017735772801783956	-0.005009349156933953	0.004613388008425179	-0.002867912584396853	0.07163335038319339	-0.0551388582717805	0.028654755760179562	0.002119061089626137	0.005211036954640387	0.005070045536276535	0.02610328812334541	0.021479304840963297	-0.046972871929660924	0.007923539277015472	-0.025296417450171367	-0.019538312055913967	0.02188498983317795	0.0074951423672844665	0.005701071280226098	0.010237769623387741	-0.01347803119790703	0.0014063826033476217	0.005402646307079234	-0.0037743990844092013	0.005289981066027903	-0.0207202108913024	0.022875274477713994	-0.02382762715408097	-0.004809237083655272	0.004794602646994208	0.03860360489513388	-0.0859538311629426	0.00719436491417063	0.01415427073394755	-0.0703256104907398	-0.04874843878426075	-0.006372246434921626	-0.10036966724430385	-0.017867294334687853	0.1866911672136177	-0.033690034508890514	-0.021220467045214228	0.014945925022961193	0.0012472323020868367	-0.000642894300540801	0.004300993098287549	0.011169438188935683	0.08052400955843397	0.14430884169036196	0.02120259746806995	-0.022587405706654747	-0.0007261073631803401	0.0007222291636050873	0.017578288233568905	0.00033178080769180824	0.02127733217555846	-0.006209839985964766
0.11580330488321099	-0.04814007841538178	0.0029730470655965186	-0.020883775486223312	0.0766272288935833	-0.009895778786522055	-0.024100758255417132	0.019585132190009538	-0.007070598205260439	-0.10883857732389926	-0.002386409327378646	0.0038744529135035085	0.007749052864399278	0.08156009252561851	0.04437749889390726	0.14240100216637294	0.0010285271949702708	0.0027122110781450572	0.008575427939442912	-0.030677571761168632	-0.0005628760869259172	-8.436734353825831e-06	-0.02439700330994729	-0.07199456249522368	0.008058840290765404	-0.0019203953106332724	-0.02826328268010549	0.03683355865543654	-0.0002761396998791112	0.00027815843021858583	0.0010550024292414273	0.07266069107942143	0.07644606923859928	0.023681892644010796	-0.0012709986260390463	-0.014236759719812827	0.006439260099411632	0.08951407784905725	0.017532130861118725	0.028125861813440237	-0.036980477711779015	-0.007419264201744301	-0.029972867718193925	0.013915971560332356	0.012540520639440224	-0.001099210005439639	-0.0067467068473054835	0.010364235005045424	0.015880566682518634	-0.0013034610209786473	-0.014171452662549763	-0.043094647740453615	0.0002382708403500081	-0.002725856467116206	0.009500836988611075	0.0014412413467355827	0.026620802059563943	-0.05407705048089562	0.01293693843242146	0.002299090942136484	0.004303104335768237	-0.061881132323713915	0.25607862912472645	0.06819227185896375	-0.058327598497371846	0.0004233651951995016	-0.009953620060705649	-0.018207568751016243	-0.00804215683400957	-0.004863486212834886	-0.0015362801477597835	0.004005213454095832	-0.0037149042730496265	-0.0023231547619289826	0.01393428853991395	0.008245860182497011	0.0032815561498509204	-0.021579241963765334	0.009477573768172686	-0.009702802272971644	-0.002304297394667929	0.0011687270103424748	0.02973795018457797	-0.004902254304337176	-0.004221393778399266	0.0028524541262691643	0.009060175870020021	-0.02918310148787606	-0.09143973185516602	-0.0718475084993864	0.023855442043439416	0.0040660049939968005	-0.015125567435701995	-0.01852892123833301	0.009595615127862151	-0.0004026822616830719	-0.0005887925452497976	-0.0014285486927364747	0.004909260957929898	0.05231207190427131	0.06261078748678353	-0.0067188779194969715	-0.028281065194484457	-0.0009771947088142263	-0.018960367479348657	0.017578288233568905	0.00033178080769180824	0.02127733217555846	-0.006209839985964766
0.08698535844811103	-0.05545923489728163	-0.011631074072504334	-0.01134978966060752	0.021061173843702517	-0.05213758676503242	-0.013101653983010445	0.008197307041147645	0.014739254987693894	0.011213213010074075	0.003397023190761249	0.020813112922106154	-0.015056249289857038	0.021590342710009806	0.027227481684075662	0.13527148877347606	0.0002152813842772283	0.0051996133348916436	-0.01206481072971166	-0.018562279403980194	-0.008259486180672472	0.0014578603386475521	-0.04650735012353428	0.037302403482659265	0.08944478192372028	-0.0011635573990008339	0.05619094115859854	-0.027888363922536036	0.0015872046895000563	-0.00018087178284695055	0.005774764717611936	-0.0350210961967982	0.010564083758235088	-0.020860126726214352	0.0057162534630123656	0.0049921570198322145	0.01923206275752441	-0.1594989433954201	0.004018457892462071	0.0723420423407379	-0.006480490280146341	-0.03151353261904304	0.026637173423660673	-0.004889539760062066	0.14376625456276854	0.010137755922748428	-0.07912593454689026	-0.059333926190600274	-0.012519593392151992	-0.0010375772554828758	0.020248047636610374	0.04679401209076998	0.01228689902121747	0.0213210208336707	-0.01820684337414263	0.0006905545851803891	0.0388207920552151	-0.070912116065223	-0.0042554930769967796	-0.0010891813318199902	-0.00030597953688973065	0.10241706267017339	0.20571431428344167	-0.09402455297577729	0.02427834404867343	-0.0513166471678077	0.014945084526890046	0.024785334150274577	0.07222699210245012	0.13560687748612468	0.01822396187800633	0.029639931821480413	-0.0017562832545426417	-0.00040828083232045996	-0.016442987707613845	0.03268888198185797	-0.0018820879125961382	0.0958095916865666	0.01122793805630804	-0.012638781958603401	0.0016056253882807262	0.026763223314661935	0.06116117884491928	0.05670328579514218	-0.021101791546768237	0.00487553928759456	0.038350034717719216	-0.0008568295795392084	0.015163753854216913	-0.008131886959812254	-0.021981693355756733	-0.03445628904251463	0.004075247441086563	0.06277042656309244	0.0012086577438292292	-0.0007179491949429684	-0.00025147401958765887	-0.005572176707767836	0.016566064981024132	-0.010247974722902035	-0.13081797275149912	0.0026602264742023305	-0.0005161548253605494	0.0003216884078733398	0.007401613612858865	-0.009055481817293074	0.00033178080769180824	0.02127733217555846	0.030318630519710326
-0.027538473937206386	-0.025850162138469746	0.007618964704932183	0.016527473496310716	-0.032871099027311695	-0.0387916659854876	0.012293049290637055	0.009817906794613585	0.02915969202615042	0.03630997731634245	-0.004715908144639646	-0.02861107386768327	-0.09043766279102641	-0.05498025118579469	0.011814250333257526	0.11823356526643897	-0.003372707665593328	-0.0016349863083854033	-0.0025788904539404043	-0.0342055588155448	0.06318513529903856	-0.003785478723946419	0.10789947183589416	0.09374087980292156	0.05601025147303112	0.0009080015875638071	-0.10102102791302155	-0.0073503450570348875	0.0004667434236456716	0.001344203953912221	0.03702991488353631	-0.015899815716009107	0.07249481806558364	-0.029557738130844835	0.0047666705040305245	0.0039948819989790215	0.00226359397907654	-0.017852435179777068	0.06229634688666277	-0.09043156898971057	-0.06550508490452835	-0.0178856455336834	-0.09600115959097373	-0.013005469946834531	0.01839948531071301	0.02355555828047457	-0.07000517043140718	-0.013662888563952378	-0.11162360333204227	0.0006988444119922106	0.03423753892107909	0.03616780131433233	-0.02115561167977988	0.011784991205024705	-0.07358706845228923	-0.0013762289439398481	0.04670546420172781	0.0029333181357673803	0.055498500097914814	-0.0030166170154382246	0.008380788510586396	-0.04227659018933729	0.001752635524007055	0.03769544452896218	-0.033711484556172365	-0.030148730437889844	-0.03487342114379839	-0.020746794816193126	0.022557360360187954	-0.06984958401057849	-0.006056426128655172	0.014997954255068014	-0.001681503344561541	0.007471646464830582	0.008079648978748513	0.015563527804650498	-0.0005059255910596102	0.04624037473513492	0.02768914837384218	-0.00765219882143806	-0.005435442580704742	0.02094270794738041	-0.05992212727234388	0.007565212218045285	-0.0034677116253517383	-0.00868126659928863	0.05561704586480773	-0.015914655897790574	-0.07536942178093933	-0.012081680821317005	-0.015484920491601151	0.0025304720933452592	-0.0023883606663592143	-0.014673389346376225	0.002680050416762178	-0.000625177431891804	-0.000910961979061148	0.007445528709867502	0.00755305246672265	0.004981647609547678	0.059873244115890394	0.02259615649429757	0.0014623772219653278	-0.0047300294093991155	-0.009643141586511944	-0.009055481817293074	0.00033178080769180824	-0.03951504546889429	-0.006209839985964766
-0.15083313409232688	0.12299434373035936	0.031375129869842276	0.014514629938775427	-0.001137086024854786	-0.034483111723309305	0.010806773610009033	0.012613768776083861	0.026524942484499374	0.030749067610472	0.00491687692103208	-0.018267759174655906	-0.06884867234366439	-0.03382856537323913	0.03690685046127421	0.3265574412405764	-0.004974825672452166	-0.001594568321695834	-0.012396162046623383	0.061419767363972255	0.04110756649026008	-0.002204762257108788	0.07945501806667231	0.02468749658551637	0.00480448660071993	0.0018478838421544534	-0.050614462517693436	-0.027819269257505046	-0.0004424454737048821	0.00722015323217069	-0.00595420933339179	-0.0796225799621733	-0.027152933966846503	-0.04276239072593319	0.0018378359399559548	0.02942510984364491	0.04109597839881652	-0.11744934011068198	0.08384092901333166	-0.015035813185861115	0.07295197723807441	-0.03723668789168995	0.04911349929918562	-0.005348172884526416	-0.037096777675982684	0.00785304643905639	-0.06359087004823963	0.020601698998336176	0.059258828656463126	-0.0008747075503617356	0.08633281182331456	0.030034621404556972	-0.0164913787633873	0.0035010804174125435	-0.011115320228568565	-0.001278733369156354	0.07324941136632825	-0.05392975577979166	0.012751253364885305	-0.005713769696518505	0.010243435181940708	0.05073129209324196	-0.014129874823792141	-0.0035221824597122292	-0.009437522186405312	-0.006161050460258315	-0.044380211592547625	0.03002000615594934	0.031258070047558595	0.0578612772885276	0.012740299793290832	0.016312731491611603	-0.009663453664494802	0.014310646359002095	-0.008241400201332192	-0.004710998709435964	-0.0019537508179100836	0.08412041663298796	0.01625162026575092	-0.01958151789968681	0.005361382658998875	0.013985377817611605	0.04679890803832947	-0.04162037721007142	0.011318364750373946	0.02056306452591019	0.05634134265182441	-0.011839410441510222	-0.03733771904032187	-0.0583490336218498	-0.043449670416519696	0.008155185248158567	-0.020053437423703826	-0.005005642616926857	0.007132137575464174	-0.022234229887171768	-0.00019792676242065785	-0.0007499133519937847	0.004795927813883114	-0.04142283042212995	0.11479456192272429	0.021892784137456628	-0.017863299296838234	1.2275242772442576e-05	0.005671454019361181	-0.009055481817293074	-0.002038082104392536	0.02127733217555846	-0.006209839985964766
-0.03467885574468722	-0.06259035562461038	0.037299580281771695	0.029364809700495046	-0.042587305031258516	-0.09583995331935011	-0.010194733123252144	0.002372633687208512	0.020383603066800635	-0.025784846649767067	0.0014040162685839657	0.007478389084449072	-0.04215572028131933	-0.11876534298140994	0.027643212740516617	-0.027835114220106295	-0.0038309514208648473	0.0014194571466032402	-0.009958887583761268	-0.009512136182416461	-0.10035540039283962	-0.0022719335339436587	-0.007565155652694436	0.011603716231559313	-0.01668794776625888	0.004997944478168699	-0.001656493682882395	-0.032861182912413626	0.0014350875639318683	-0.002328730558182572	0.02427976211246121	-0.04407551162587592	0.050734119745412566	-0.038919896667773395	-0.010008138955310518	0.00506619152821972	0.0010763876063340351	-0.08835677913942584	-0.14694758239065103	-0.055572932780507824	-0.04543499287181779	0.02969549171666871	0.06751241848401289	-0.014851627735182381	0.13114862278197892	0.014305603521280397	-0.011577822948443742	-0.05592746485173294	-0.130276149424167	0.007349868170678832	-0.012775584700164122	0.020039889542162247	-0.01852042507245921	0.004261372366605991	-0.013616976484957358	-0.0001903205514722747	0.04084839411173765	-0.06479704023245755	0.007717647360436891	0.0014015239075576766	-0.0033496826126103874	0.03560186011042521	0.040714106532099996	-0.010846356286939788	-0.038097040896828985	0.0022493234609522426	-0.024807846550169346	0.010187567345597606	0.05026124360520282	0.08099548500316807	0.014791679338012955	0.03199749777163744	-0.00038782207402259406	0.014270901324166776	-0.0025849227257878867	-0.005995247034706817	0.00045430178065080593	0.05966547716211904	0.019888162409012797	-0.025935852844820646	-0.005612827537002401	0.02723180244835869	0.029924019164778253	0.06943626489247254	0.008762517329376617	-0.01734301026982526	-0.029618963015146993	-0.014044686902236887	0.12317372794787483	-0.09031742363887188	-0.04375520466531448	-0.022192825791141103	-0.0008778565916973713	-0.0499938334616954	4.175974467745874e-05	0.00186354864343837	-0.000594587644848446	-0.00765901572171899	-0.019051878058510933	0.021114862747442585	-0.0030837599035499737	0.0019304478605137803	0.006369958503151953	-0.000288598880322984	-0.008971017404134543	-0.009055481817293074	0.00033178080769180824	-0.03951504546889429	-0.006209839985964766
0.16078621390626913	-0.012705056596843201	-0.04821711642274672	-0.01704068267794427	0.011330171079348871	0.01324653870458258	-0.005825730691189599	0.032010084238065534	0.004296421278672226	0.03516348115701347	0.0074971057518111615	-0.022267086246090036	-0.08133995254539245	0.10982128191786512	0.0057802246208356065	0.003673837993167553	-0.008288238786500047	0.007094382233818857	0.003328525337973869	-0.033324093849514826	0.06817968644019175	0.006481729647164604	0.09352865693275336	0.02645959646399266	0.02553024828327642	-0.0009864369019953307	0.028692440121567655	-0.02527486466086336	-2.716113618057017e-05	0.003512974802332497	0.013728523420352419	-0.005573040785680839	0.04549972817706065	0.03190763675563894	-0.0035669137988875842	0.007366701884220171	0.0038981244286991025	0.01669748373827181	0.02961163342062238	0.036861659283896286	-0.08235757769327326	-0.02655234261871663	-0.03807994526061147	0.02994075215490263	-0.017115879424654788	0.0009943777012333007	-0.06664539052488047	0.0042013195754108485	-0.025032324102806456	-0.0011356884021263085	0.015665279356795802	-0.04601965614054616	-0.03182180669894481	-0.006642686580865918	0.05638956051054974	0.0004731378908732959	0.08132666848117207	-0.061499936137088346	0.040498164846530675	0.006277584163478868	0.011993593949400139	0.003124204278816562	-0.060894911222609815	0.030580192003593857	-0.005096341340181772	-0.02296621879834289	-0.07847815109622638	0.0225483519205722	0.0002540801372744542	0.031557017898658425	0.003785622641073574	0.009092496791265694	-0.00010523117454266005	0.009523099644749294	-0.001993207456692722	-0.0037633696284257176	-0.0034195670270270695	0.08162596530482244	0.020328770503087686	-0.002158390904813475	-0.001561851118471567	-0.03781777760431677	0.038773984436095546	-0.04455351777533147	0.002946893963720713	0.03893399472076945	-0.06550014553430723	0.002949188011154384	-0.011391749378151064	0.032221458235807535	0.17645512113972228	-0.015163688691420122	0.02484559730932809	-0.05249002321463879	-0.0024227433290957973	0.0021172108403574026	-0.0007626000940960742	0.005076507036341311	0.018882717396646116	0.04489063653276922	0.047422991010682536	0.017846732197410772	0.045959713332849116	0.000330347795902132	0.004676925800697767	0.017578288233568905	0.00033178080769180824	0.02127733217555846	-0.006209839985964766
-0.02622615739577329	0.005887676648406041	0.018400038470240493	-0.037033088322031144	-0.08661003899789595	0.022161199634032347	0.030913741151985273	0.014660705158244263	-0.020541314694175056	0.028703454935186556	0.0020691876594442116	0.009218378356508721	-0.024797107621775297	-0.26832848882602994	-0.028912147862314684	-0.09331897774229342	0.0012103920349740684	0.0027731168059713283	-0.0062200992335209124	0.10833704985090326	0.0037801769307202566	-0.0051420911649691535	-0.07392353759524546	-0.03874188073426611	-0.058490015701175624	-0.00627823665530121	0.07251970107378745	0.030560417892854474	0.0025054470768791394	-0.009038563921211318	-0.0013699162848606302	0.07121061997240237	-0.13575369252054983	0.006928550439336216	-0.003343668818429811	-0.0216213073625548	-0.023698816601835496	0.11290137029043475	-0.056004695539112886	-0.11069545234937482	0.18984741993834825	-0.01842354450810907	0.07593273230140322	0.08549025716921184	0.015064248394930922	-0.01534790551974691	-0.019624744491235354	-0.08671193035836369	-0.030295475915203287	0.004809961763185987	0.04342799107725408	0.015164072906611047	-0.02579188313471551	0.009408548765915944	-0.06808401965416112	-0.0036291012399153164	-0.08742198884856124	-0.024054521348830057	0.008661835818127557	-0.0010169592169017433	-0.006383796082103744	5.795188930822865e-05	0.0371213691749574	0.013403944308580985	-0.014068212649869242	0.001996047234784948	-0.07277207212286932	0.004619241798449422	0.02931553256850004	0.04004376534533935	0.0017493530144104574	0.009143753838807145	-0.022891148702280935	0.0025494210564283746	0.01098124235295696	0.004193190065805401	0.005503172735985211	0.02321119648970952	0.017841011203057543	-0.019895420591934197	-0.007182559949411615	0.009975661668427113	0.033040315283880455	-0.04640148364889321	0.009803694858468758	0.011913290022002608	-0.0772529974674707	0.04603558018689365	0.06799516520056272	0.10776301356535174	0.026217127657503923	0.023280968958030532	0.0056481756849845015	-0.026110803978519666	-0.005049163501793925	0.00784918692511548	-0.00015452496658437036	-0.0007527691909338679	0.0038215342931202287	-0.02319414400871966	0.13054054624152409	-0.03578523214287729	0.022391931305869316	-0.0026515194099847195	-0.010014554228708483	0.017578288233568905	0.00033178080769180824	0.02127733217555846	-0.006209839985964766
-0.1594978379097453	-0.056505790237642906	0.14984004048973246	-0.0024828504480041633	0.03253716399080649	0.0036205641541098986	-0.03424854898424003	-0.006092767832004934	0.01014723933480047	0.013643447396597065	-0.003194592163927694	0.03147301295910928	0.020768410247899067	0.023411071489464964	0.11635611279533568	0.04777249288133957	-0.006582916921597878	0.0005599283136581122	-0.003965583409745078	0.09011957943178747	0.0896079584463147	-0.015234576247236446	0.13634086026459627	-0.043594244799580906	0.015171264512825274	0.002462986891224008	-0.06741277368157915	0.02288645261846877	-0.00013580505299338135	-0.0008644976534874738	0.04344605396135413	-0.032081118483728174	0.01724232280825695	0.013458888431629576	-0.0026799735486134017	0.001909370668066561	0.0017342091282573917	-0.027188613594799335	-0.020916122597182	0.03854286141966757	0.12431756947390084	0.04893938513099955	0.0546443656192957	-0.007703105416165566	0.0668520940382734	0.030347649666387037	-0.026492433630280598	0.012924655864621297	-0.037268102885743684	-0.0018617802063934286	0.03471811236401305	-0.10355165843955642	0.013762044434571227	0.0017418819328864443	-0.01800674335809849	-0.00020920171223813084	0.016972756030927332	-0.05416574941318085	0.0011709014528314546	-0.002780984866288718	-0.0010548206121248572	0.04143266902913666	0.18771450917280247	0.007253553169052597	-0.027226576266916717	0.012428592081679233	-0.029146737065422552	0.009690424520526902	0.04148167654458186	0.05316943354523309	0.010396832984248188	0.017991603131854883	-0.012015341980380862	-0.0031156880517326873	0.0020384119501010507	0.0001081258963314471	0.0022259253585761294	0.08139104741449406	0.012264794026167078	-0.02375032798235242	-0.00487937472406076	0.011970099479280747	0.03954365689351238	0.06494764095992757	-0.0016933719227720631	0.009903597942090172	0.04540518212413272	0.013880582713241286	0.02435631962139699	-0.005265338207725155	0.025379997155459515	-0.0468758967439033	-0.028583021370439183	0.023698236261939946	0.0003716681073568865	-0.008044876652529127	8.202118927793748e-07	0.0025298650010446965	-0.018249468808755588	0.0653617873160315	-0.12914766077610407	-0.029616596612867942	-0.00419791323195658	-6.334077305785876e-05	-0.005647648732830547	-0.009055481817293074	-0.002038082104392536	0.02127733217555846	-0.006209839985964766
0.06609834184175911	-0.0770972112661523	-0.019167732471476063	0.005585375347712089	-0.04080417290427766	0.010867414276795977	-0.0017493969192072733	0.028449129501942998	-0.03217588126884842	-0.10883857732389926	-0.010590725825610256	-0.006787321599247755	-0.02997228646501969	-0.28631571184099447	0.015979842908992736	-0.034799141853614275	0.002813913270435565	-0.0013514442810817087	-0.005760951785233205	-0.026014759951883938	-0.10486013029538489	0.002379439097521022	-0.11964759866919294	0.01075186117380012	0.001869520820206722	0.00404472920328262	0.01677920868742682	-0.039785122357237857	-0.0006436162643926126	0.001745461233972932	-0.01741577336819497	-0.08581988735365605	-0.014370342012590256	0.003204980087229744	-0.0017838422604568131	-0.0006929255506777119	-0.025034713802228017	-0.0612175497357215	0.025856553405999533	0.018665168585737007	0.08916642281172177	0.034387338504821265	-0.07713821044656705	-0.008944367599185037	-0.03703464270048993	-0.006013822737361659	0.10201283462029093	0.024329335346510068	0.017776412575870506	0.007987535791471935	-0.09714267371239486	0.005786187469496259	-0.011479756166042882	-0.00467641039171796	-0.023425534967119275	0.0021714962542415217	0.0014368038383411573	-0.0643174346935145	-0.003930353905788661	-0.0006852985400185002	0.005240226213912732	-0.044612991313676825	0.010974921845269738	0.016397969221054975	-0.05218260596381119	0.07296785124116492	-0.14450357934872055	-0.035390045126332724	0.02320576678734211	-0.08427497000543076	-0.018755767175205648	0.015931470078204647	-0.004524727867611926	-0.010674548914627827	0.017802641049677347	-0.03069601013515944	0.01089492957338473	-0.24751914690181173	0.0650418310785026	0.11319654249936127	0.04288333524298867	-0.03781777760431677	-0.05992212727234388	0.054420675998823775	-0.014723541867693257	0.041478035152302715	-0.046569846709610715	0.021741836215783936	0.041141222077942914	0.015535487935771659	-0.032022026561665015	-0.013686665120231617	0.013761029664117326	0.020143120182891223	-0.002000908931584781	0.005154771208289068	0.00032108231090272727	-0.013725759466072877	-0.011682406180461244	0.05342961660062997	-0.07749270049271942	-0.01900638449234172	-0.016031163129174696	0.00010559461668526507	-0.0005605696933274728	-0.009055481817293074	0.00033178080769180824	-0.03951504546889429	-0.006209839985964766
-0.045424395156521705	-0.058184685283701354	0.015173516083587983	-0.018242356438375216	-0.011456237932303288	-0.09357286959797256	0.014793071894338022	-0.0074310483003886514	-0.02096206052864932	0.026554444733420782	0.0060436325267136486	-0.02910441350935368	-0.04036295106826634	0.18380367079188806	0.004349882536574469	-0.06549086354504517	-0.016259995220163408	0.0012014635076117467	-0.006481744872176759	-0.011986616351277119	0.08151754673530863	0.00033966263890947314	0.17044739106399368	0.054825261398423114	0.09858804286611844	0.001385567838154957	-0.04784333047264553	-0.07640383875935729	0.0006316711908086371	0.0005286100943952991	0.029379739381713173	-0.06499249239754148	0.1967208483639229	-0.015884194604038112	0.01016817516516288	0.014601532911348799	0.016841566716529418	-0.10706951087896778	0.019871627639132156	-0.05137428032432603	-0.05651072208775799	-0.021550042363142063	-0.052131752096245654	0.027706578101433902	0.11347818995964658	-0.010332301073066671	-0.047938440612762805	-0.03458140348946847	-0.04704147125494079	0.007162655753928819	0.0477265236558492	-0.04385473610199756	-0.027490978145869753	0.006676916665982445	-0.01304070441778696	0.0006903760473312085	0.05245438796593325	-0.07683126679214781	0.02019177796530946	0.004984826032478323	0.0027351123290964177	0.09270564492671081	0.24560057659207335	-0.03746961357120705	0.011058402634163293	-0.009904497098576432	0.046206443802203845	0.033961643608631	0.07208124738458045	0.09299702260050675	0.017447555858564053	0.03554872876494094	-0.017906854883598614	0.0007861119852675171	-0.0051641490819246735	0.003673250863564741	0.0022871629532790973	0.12255710558077196	-0.014800492360700645	-0.02440317425438489	-0.0006327874469125942	0.006448298995331877	0.04564137427046162	-0.08345654117711152	0.003533306323186645	-0.021701742388030652	0.031033915410546887	-0.008746648028289573	-0.0015309756956944213	0.018901166205065302	-0.013043665716011385	0.011370353721885855	-0.009851678009419957	0.02048962108899544	0.005518030112565443	0.0011384574897342753	-0.00021847003975509823	0.00756443101887859	0.006730452920005643	0.020427428799385316	0.05093832464687246	-0.001513725601258978	-0.017185691491827026	-0.0016753697587819304	-0.001937086342271568	-0.009055481817293074	0.00033178080769180824	0.02127733217555846	0.030318630519710326
0.007894690358796915	-0.003605249506312184	0.01832233578992576	-0.006121755845057422	0.0008092015115614201	2.164251135482028e-06	-0.018215415588939014	0.0013630962103542298	0.011709640291412483	-0.0021600384743814087	-0.007550062092796295	0.024716605568325323	0.002609614817946044	0.11287554084594968	0.09762743628445283	-0.11338278622987119	-0.005309145115851391	0.0002998384848045033	0.008452166738720526	0.04704266196156341	0.0463663707060385	-0.005443285261378951	0.006152623921045773	0.014003304033255833	-0.008755642770431872	0.0006645444529967125	-0.08816130833739538	0.05256155454358158	-0.0001382613163884557	0.00798044781534908	0.006988735140379713	0.003311271264134903	-0.0557155403229376	-0.042066861304434044	0.0063582312367678265	0.006863734586546343	0.009027745599366898	-0.013259210941801268	-0.0046865682207644505	-0.04889127201841963	-0.05620423200850137	-0.016624525871004107	0.02440007102968094	-0.019075125022846647	-0.03177591462743669	0.0040500932334501805	-0.05611883201338372	0.016829984626095473	-0.006069693590665734	0.008873297783776862	0.023269743346080146	-0.05633490063701271	-0.019810667059770328	-0.0038410519903511035	-0.0003201249062122978	-0.00040181474910635676	0.06704830534455994	-0.042445215369285416	0.003293371528010753	-0.002628247250773021	0.004696222118598948	-0.03855000120835041	0.027874204418339456	0.024993709111236707	-0.014685381655336099	0.020411898861037014	-0.0548097837020046	0.0061246743012927	-0.0029896306604362097	-0.02462901013042981	3.3052691566377703e-06	-0.006576217738734989	-0.02104508912515032	0.0016902519807453838	-0.004525564594528768	-0.006254542685198389	0.0031854668032556006	-0.006951192736862767	0.017995277839854423	-0.01627642792950455	-0.002956133298628651	0.011983309795576401	-0.01977264309653157	0.022770659942251328	0.01067585434492824	-0.007322135425944329	-0.07076556394055927	-0.006562232661009453	0.03661840368910181	-0.07347686741099757	-0.03638862404508383	-0.035224522805852004	-0.011333689020424045	-0.03590042008725677	0.0011094002678243378	0.002685224770963377	-9.409356559047213e-05	0.0019624743462215628	0.021018383037764127	0.08392280274215161	-0.08370043294052275	0.033318715904788875	-0.04698288995437984	-0.0008768506181074579	-0.00031498326691347474	0.017578288233568905	0.00033178080769180824	0.02127733217555846	-0.006209839985964766
0.1608534728899207	-0.07855284703074494	-0.013626926964388898	-0.028047118581140007	0.009215603599444351	-0.035954444184431486	-0.0020013867245691156	0.012034703854543556	-0.011101468694005988	0.0032799541020033895	-0.006061140766101996	0.0009377508049931046	-0.0499050396973458	-0.10760035897117677	0.012451725455173215	-0.1033874303040276	0.0024281822593236664	-0.0029715924951799924	0.01173307760046951	-0.05498902062390374	-0.20039957664380287	0.0017133171656521483	-0.09781343147407788	0.028477520957022925	-0.049556555991477076	-0.0034888285204033734	-0.015337831553331745	0.0030452253103791854	-0.0005196646013220119	-0.004344869287392235	-0.15008284674018352	0.04280371189451345	-0.04586604142472503	0.07778485358153774	0.003416827749297671	-0.01801226693565504	-0.02999535692244854	-0.007711692929531025	-0.030286263473966967	0.006465162711218528	-0.05053131067514636	0.020962328207479574	0.01157871581811206	-0.02220318351122295	-0.0745926604680657	-0.01223689126024284	0.022546413572040097	0.03465541780010896	0.0938299311757615	0.002738897500291758	-0.006422095409957242	0.0037249350628431916	0.004105348466488469	-0.006511522498867218	-0.031869511450010386	0.0008242319422806253	0.013322335226463323	-0.08892980926262871	-0.00038097922456006367	0.0007628107393846359	-0.001454761813046091	-0.039077070422859315	-0.26378721690551904	-0.0077114416155242204	0.020046202293277814	0.039525625583818516	0.004768592449959125	-0.037885156413977245	0.0348289010861241	-0.05212166482094744	-0.011350328592751709	-0.024642771827219124	-0.030587388427421182	0.003819330354111471	0.016810549520608287	-0.0022717812249648567	-0.006123392763013914	0.03653649130912459	-0.12792610250054898	0.010124034441734332	0.0003944883860596465	-0.03781777760431677	0.040019454028492524	-0.00031004990706888177	0.008201025909115263	0.03045271952734309	0.03934885313926503	0.008026947876383429	-0.07846062986588012	-0.174761849307694	-0.004856378801488964	0.035490475561926485	-0.006620732307314747	-0.038629915847179966	0.0074007770433057824	0.004789927291363193	-0.000330388138640666	0.0038725444706886004	-0.009471340214287454	0.03651253717836859	-0.10988404496740622	0.001967700368941049	0.012695282560617567	-7.565126867006575e-05	-0.0045008392767151096	-0.009055481817293074	0.00033178080769180824	-0.03951504546889429	-0.006209839985964766
-0.0475851303755662	-0.06916356037009751	-0.017459974682943486	0.007516392690994937	0.026084574336114764	-0.025313545323215114	-0.01734193597080723	0.050797019218589236	0.008840600528053058	-0.03074821563649481	-0.012175706951080386	0.011827787106271557	-0.010200412735750924	-0.3141435260833416	0.018255735617441943	-0.050976275424201654	0.0018533624127820844	0.0024921564729829425	0.01604725969472193	-0.014682116363849269	-0.03267921778394009	0.0024013054346152026	0.0023169441365079625	0.0041739611834913475	-0.04753454001680872	0.0012668688277130543	0.0640717863242665	0.006740336729360523	0.00047731578852886755	0.001819428605682723	-0.028627689749554874	-0.01023282737657115	-0.03230769556548744	0.00669473529120042	0.009169801300901623	0.010662428191071402	0.008027085221056503	0.00989890261725541	-0.02130213172507035	0.03842085102283587	0.01858170573749058	0.02793736636316616	0.024719428947901873	-0.007404859626211671	-0.028891494137017238	0.0030681598371896336	-0.04628459332999476	-0.020108499454930026	0.05237149150072632	0.01050904392199755	0.019867588300891977	0.03964841273855971	0.015284855674343923	-0.02872134674479914	-0.029769610426397475	9.80296161638138e-05	0.015919860598834552	-0.06188929307499215	-0.003740696530552186	0.001326012551457748	-0.009893874261291697	0.03753220364412611	-0.26667986453153003	0.0024287925148371377	-0.024865640736099193	0.01768057514203877	-0.06465627873260657	0.004844726924171731	0.03628803394439401	0.026095907273733187	0.008623337833643958	0.01625119443066235	-0.019330370527180517	0.006667679536344755	-0.0023553587357276508	-0.001629041997761396	0.0005591305626979836	0.06405026291632213	0.017982000794457487	-0.005885040142611744	-0.005224822436657192	0.01088964979134913	0.029845985686030377	-0.09291753818608961	0.003235506258715182	-0.058230327828259466	0.05269089493924051	0.019608042110834008	0.02529090826290094	0.007693105918144309	-0.006168649801173964	-0.00835778866781635	0.002585499279533392	0.014618875816996673	-8.496190254224511e-05	-0.0023878048038594034	-0.000381704236025683	-0.0015899485342163561	-0.014384046910028137	0.05223161249188063	0.06860866886420393	0.009365821409572005	0.013691252562126211	-0.001839920787738767	9.73150119726746e-05	-0.009055481817293074	0.00033178080769180824	-0.03951504546889429	-0.006209839985964766
-0.021600525957330842	-0.0641855972229811	-0.04441143805938834	0.01440952831113149	0.0021132720308771375	-0.09995262884187892	0.01054101744081572	0.010573756117197648	-0.004005498099610693	-0.032150322298645034	-0.01955716002651248	-0.005271696358055083	-0.05728744706077513	-0.01427843242243618	-0.08404504250739854	-0.08596429778787334	0.00032761864249464576	0.0013274199660904358	-0.02714032750914077	-0.05151255817292321	-0.0033365295958992986	0.006005819636744287	0.018291654748375526	0.05426546191082558	0.02949676463250673	0.0012516253089637915	0.06492572221035992	-0.045629037322556874	0.0008133400799207075	0.0013814387287717836	-0.02017527233377538	-0.002834359543421213	-0.034955316618106844	0.0052227966702340315	-0.0035918285769783224	0.01949159361199199	0.0006827447946887608	0.028546341201863386	-0.010877753454750384	-0.049069947701837806	-0.03733530264835986	-0.06436715179634446	0.03510866546268432	-0.04033352489402777	-0.013024153478817184	-0.00883948900359461	0.02542491052298095	-0.02322983032829982	0.09972034099683087	-0.005113549395298584	0.10442713114566252	0.08745239328358388	0.010918576302562953	0.007388180732110091	-0.03424768051359346	0.001480902312846161	0.05364549323066609	-0.09281867160619656	0.0035761142670466565	-0.004203197668608598	0.0159252852057069	-0.008356273234664853	-0.2605770942398014	0.030107457752082525	0.030764782489412636	-0.056984293044167175	-0.046952611555122	-0.024444435165641824	-0.04079496655963512	-0.09735408603730984	-0.015172726899759313	-0.03803739908351848	-0.003749205542434209	-0.014149893045596867	0.008052685096044544	0.017597294362535845	-0.003407721741067955	0.021585277584619623	0.0025144289896529607	0.011809756429717997	-0.0044538806246948144	0.007056884498733697	-0.0025981455943048615	0.04287036804835525	0.005594734963414917	-0.01398744415613747	-0.004773321424843163	0.026131231772840286	0.04840574999078661	0.0583549421795437	0.03266073502501723	-0.022338196653393476	0.01718558869168493	0.004920040118479934	-0.004681598301999245	-0.001474049764821591	-0.00019040598742527072	-0.0007520295484818824	0.003668620954639531	-0.003909457287444621	0.029821794172846736	-0.014907312869715531	0.01277033835956312	0.0023835435046871195	-0.00704957047108983	-0.009055481817293074	0.00033178080769180824	-0.03951504546889429	-0.006209839985964766
0.04359579521601409	0.0651715974719387	0.00021547501737774735	0.004337588694812824	-0.002797891330472464	0.031802860829282215	0.0015912930507730834	0.04399506926923673	-0.008043774100631364	0.025051378208439796	-0.005149980223949908	-0.013040230747423647	-0.09794253600520525	-0.26295902246977704	0.02081665988130666	-0.049812186366226543	-0.009126297475099897	0.0018192225895519306	-0.019182621024787558	0.009114263469099425	-0.03336283285010595	0.0006246560781868797	-0.0053833211117175345	-0.09553786689240032	-0.0693846483026854	0.003319136791032557	-0.001985794335429246	0.07115043872026644	-0.0006446310109841807	0.004098692690028992	0.014850040478921028	0.0034678690337816573	0.033772410944677894	-0.03494192333291341	0.030182612768589655	0.005394603146018918	0.007430820430361141	-0.13711825603909975	-0.001512153891869019	-0.067924977530301	-0.016994984115183805	-0.02683377794030989	0.013181250306234923	-0.03735575437909838	-0.061524406333582374	0.0029206655325042076	-0.02033702910119172	0.027244524852652652	-0.04677381469382164	-0.0037937790262116806	0.06833864340546007	0.06497498971199943	-0.047879629303373125	-0.0011217334000586203	-0.03104602422335831	-0.001438406047621575	-0.016692574356548636	-0.09493850294855294	-0.030964513731117492	-0.007597251475141413	-0.0139710963396592	0.014322810329622914	-0.06021922471997871	-0.014768317389662175	-0.012762540194009289	0.005583380424782333	-0.04954114327170579	0.011134125246787644	0.03341736451665228	0.019092506694801257	0.0039092845468398345	0.009778253548176893	-0.011538705142926675	0.002692978189568096	0.0022949000515171177	0.002849473157066321	0.001719877490539742	-0.039387138371492963	0.03731644163353616	-0.005351349298498464	-0.0040747787999913685	0.008116490354393543	0.021360846521514855	0.018406378202812972	-0.0018086977441553447	0.014184852610449147	0.0061758259794244905	0.007550366892773523	0.0171546891886587	-0.024152349186824948	-0.023840387156503422	-0.024016290297191985	0.011994362418875935	-0.04049589769246252	0.00022247121668299549	0.006259209813379271	0.00010223886033355053	-0.0022777712927664717	0.0008900143306037047	-0.029717488389539103	0.04217083519207799	0.0052714473622931185	-0.0032251578801640365	-0.0011491114087031126	-0.0049627477688897305	-0.009055481817293074	0.00033178080769180824	-0.03951504546889429	-0.006209839985964766
-0.08316037535055379	-0.0038579493889607354	0.03210122136198494	0.005223185605039606	0.0518973106248119	0.0006321484369110267	-0.01281748378444631	-0.010847609407536941	0.02201876151196315	-0.038046681547806147	-0.00491771661206067	0.020898158093667796	0.013085836954513024	0.33088869320288306	0.08632054027801159	-0.013853708700990857	-0.0024262202808064412	0.000782256812046289	-0.0178723823439219	0.08161357434670849	-0.026168870033310875	-0.0026660747097438397	-0.03701456481682744	0.0007747701590062544	0.0194367683274908	0.00037358476073399754	-0.020037205684653222	-0.03630471244852447	-0.0002917979063453145	0.004414187460551756	0.028627554459627197	-0.03097676155833003	-0.017822569233940468	-0.022930398876150573	-0.0029804038692858486	0.0009971569933592947	-0.03051916525349215	0.04247117785249164	0.024027182102183367	-0.014470325521851886	0.03629476368693874	-0.02520113005971958	-0.019166851936187775	0.012175264334160114	-0.04617235774513571	0.02468805835856354	0.0995591649840851	0.027984161116978913	-0.0023404748849557917	0.0006019416439978828	-0.01667187060635427	0.03756023723308049	-0.025571728589260528	-0.002855073659936875	-0.014082923786179405	3.842471731253799e-05	0.03646804531508879	-0.02470883006195749	0.028575336728710713	0.0009672168056874472	0.0023107768114374984	-0.0885975024258606	0.20964167679579557	0.06784883068140227	-0.066025335957976	-0.0127631504785016	-0.03937486230820473	-0.03169423701607817	-0.004165764414234339	-0.05392831044824734	-0.005215802605528619	0.004812311488825831	-0.011558826504982755	0.0003096269285434635	0.011905539008644982	0.00651746986614839	0.0023391810786767982	-0.053910406127546884	0.007818055477212035	-0.00784040253182228	-0.0016809180338394694	-0.0009676217564073591	-0.01033740155367541	-0.017082378307844034	0.012221110149824996	-0.013327532099913334	-0.011589495272260131	-0.007383617932351138	0.03930494052596122	-0.06567273162094402	-0.02247969881698475	0.004689631814612591	0.015694962309765092	-0.037749289165633845	0.00561773441046136	-0.0013591672829771505	4.1306147538381943e-05	-0.0009295477671069271	0.013599183621091505	0.01000837271855501	0.062383025358042986	0.008797300059575963	-0.013913181103651985	0.001333932037075836	0.0023269025720720113	0.017578288233568905	0.00033178080769180824	0.02127733217555846	-0.006209839985964766
0.05014162022690289	0.02871415304905036	0.006935202157049209	0.047834225997792044	-0.008075733075921637	0.06684637346899949	-0.017444223939172568	0.02057030198003061	0.021753951406873834	0.011206170381408039	0.0005086959104813134	-0.012059308814640875	0.027043369027148587	0.2904030419020578	-0.021800224700700137	-0.006424294372546802	-0.003714296614525895	-0.0022364279391867154	0.006817454451985553	0.046446528162720054	0.019578670617860033	-0.0024438945843001272	0.04098851335764012	-0.14015632450495558	-0.003346632927693189	0.005913395952387105	-0.08988390406209745	-0.051613504156674504	0.0007499570875624951	0.01012503264168268	0.06238483585620159	-0.06545241391442229	0.01281095079752968	-0.00600683074455733	0.00453463901513311	0.02482216759277579	0.016266388537356454	-0.049501436078856334	-0.0072001269228056585	-0.05094439693420095	0.043917446423769955	-0.018343602568121502	0.03760546867149655	-0.03541689673048582	0.048233613846727905	0.007066592272718908	-0.026922923292297472	-0.009683401509438562	-0.0730062438632589	0.004898386665887932	-0.11734674143897343	0.025527597221297004	0.02083499361185474	0.007383046902953506	0.010545524321487832	-0.0006467466520459551	0.00809575010371608	-0.061086398425408056	-0.0016841779777481026	0.0029644137662225554	0.009069453422415216	0.011540711428090922	0.0468581877143486	0.031621408034919585	0.00242952959786096	0.03881120107009423	-0.05440163742048573	-0.0006091913458637733	0.04858242103079367	-0.009712666464819589	0.008040185462265967	-0.0023539043328088777	-0.02317124359083257	0.007381629145558826	0.0011823188902927249	0.01817485990796484	0.006962051651435522	0.10330048752538701	-0.006130938647331538	-0.013154598689050705	-0.003169186510955791	-0.03781777760431677	-0.05992212727234388	0.08815923197883029	-0.0032274333970535064	0.04253208460845168	-0.060934666164873245	0.0407795623639736	0.01759047527391539	-0.00011334731349543066	-0.007881412032917442	0.006020577753677278	-0.013106326971009106	0.013103080378003305	-0.0016103189694938675	0.007561369514807604	0.0009957866333606157	0.010059242002246031	0.0073935761003439205	0.04156874271567733	-0.11537432501139926	0.02307747028444249	-0.016925563498954025	0.0015147032974131293	0.0030603647705835413	-0.009055481817293074	-0.002038082104392536	0.02127733217555846	-0.006209839985964766
-0.005384028771380041	0.05557508642320255	0.008076574262857652	-0.0023581606656609445	-0.03953071161160763	-0.006805186811209752	0.007270738447445577	0.006837117931612072	-0.001482167081137948	0.030774473530226783	0.0016017053539420243	-0.003320836418594376	-0.003691305083534599	0.28455859543765377	-0.06549725192162399	0.023513985800701503	-0.002917783750805225	4.579038501706376e-05	0.0027350687825184548	0.04544969506972485	-0.0005829631469394384	-0.001016180973722361	0.03050835225051117	0.040249469690901665	0.011447855319894378	0.0015122916271466985	-0.08158887851234628	-0.07330489992929952	0.000976926648400325	0.0049511509858117435	0.04113127695935065	-0.1061692836604064	0.05578945468158106	-0.05347963869337782	0.003220086013127869	0.015500342341741196	0.010796585383044394	-0.07616370736712488	0.01673188628059056	-0.01676201502863642	0.013720768245558453	0.003322460273796135	0.0011143155017224406	-0.00840984231001226	0.02195470707534449	0.011046101561806965	0.006371205825242481	-0.02945006233217757	-0.05548108730908159	0.013092719346490669	-0.024791180082204135	0.02110783964293141	0.025209685973223154	0.0011088942370771101	0.007782856972375439	-0.0013851994547741525	0.04004147937235996	-0.052825225021573954	0.011727357126346843	0.007726643569771201	0.0014617771723994032	-0.10091756651433738	-0.29679718773862573	0.014244670221131336	0.01699113147855855	0.031491062450196596	-0.06967679510791189	-0.05185703151663755	-0.08496529811689732	-0.14147649135405038	-0.012975095530276544	-0.04810348613899785	-0.007318154238202179	0.0030805185210856403	0.0002795354385830625	-0.013465999926411704	-0.00129088248012623	-0.02366488039438443	-0.015571424216833978	0.014447498178043123	-0.0019145117272359802	-0.03781777760431677	-0.006426782185633453	0.04306811611675674	0.0016792902292171005	-0.008696930334771773	-0.024442492969299873	0.023748873596411663	0.03742830441446613	-0.03454421487316914	-0.04330065347202526	-0.0399516115343638	0.0005800434584008106	0.028357247539185972	0.01157890979261423	0.007413225536884615	-0.0005262676737442805	0.007040825922138551	-0.011826319682240275	0.02003068415506295	-0.07525944634409376	-0.014647324067982671	-0.0025134037676735094	0.008804314149062005	-0.0005705650165198987	0.017578288233568905	0.00033178080769180824	0.02127733217555846	-0.006209839985964766
-0.19556873485052492	-0.03144375646849402	-0.004762182677619441	0.043580939535727684	-0.02074128895971077	-0.040478498679885115	-0.014192185012717577	0.0336040616984135	0.011370271737825628	0.017576424868214872	0.0024950879867723717	0.012210368862583233	-0.02731198813355125	0.15193174685194322	-0.028696912337051926	0.06401711546537223	0.011839049239513212	3.4980915510639853e-05	-0.017486794684856248	0.05066218722410076	0.02479645925939479	-0.0008737165044612633	0.06266566167102872	0.03443938236669539	0.08815479561086641	0.005286209284967605	-0.006782550880120236	-0.04262574245236165	0.00033085467397126167	0.004031761178394313	0.015080573359404095	-0.022897050560625055	-0.01855957230395846	-0.041214103304801054	0.00448065272143144	0.015300468068568905	0.01542889008584202	-0.11489298569226385	0.006783767539280213	0.0449995475667842	-0.017965468018154334	-0.041564922475335754	-0.03441913850702131	-0.03611671165320996	0.10545572596126278	0.013539224384066673	-0.06240994366903858	-0.01115310964984893	-0.013190415488704614	-0.003823741998406086	0.05278876228684109	0.044899795336717015	0.0017613941180638516	0.011186196754895199	-0.029673601950122933	-2.0868153052743172e-05	0.07393607839724792	-0.059400271796553994	0.012416352517169806	-0.0005448942117905459	0.005264758010759422	0.08420258583455179	0.22839099690603176	-0.0842063512135314	0.008247809480306992	-0.05122669294297719	-0.04362152345544615	0.03387058908883561	0.06431415650329769	0.21212697433759845	0.021143716431578894	0.038858261011723426	0.22028754700818703	0.0008966675528487837	-0.00253356457727791	-0.0024832380730109836	0.00821123823783755	-0.24751914690181173	0.06318314401200364	-0.024518102343505543	0.04288333524298867	0.03902417645267504	-0.05992212727234388	0.10913143969616708	-0.01145821876384954	-0.008697000523820539	0.08665438981671501	0.011046882971392795	-0.016735867947030723	0.010251522142386312	-0.0141382291862668	-0.012082521695503948	0.01366633308583356	-0.015577752582554059	-0.008487915871158934	0.0046172918510333305	-0.0007672434631379192	-0.004704692448296759	-0.006444051314907269	-0.1513225291114762	-0.10410809475762162	-0.01436479195293905	0.0407165712708598	0.001365989746079483	0.005648931874143031	-0.009055481817293074	0.00033178080769180824	0.02127733217555846	0.030318630519710326
0.07673724830102806	0.03778973390848348	0.03658849405601208	-0.03125393744972744	-0.015187753800514712	0.018145383277706775	0.015953003686287534	-0.0383737916483982	0.007491674935382937	-0.028104294652477494	-0.011213594412577394	-0.001856348208953625	0.03777846538158119	-0.03390360551433883	0.30499446823355225	0.03552271878345794	0.0027705323944459902	0.0004426234072556648	0.020671821508260333	0.04457035223341082	-0.011430458431746188	-0.006004336832177833	-0.05787232601612382	0.01795593560152686	-0.06611977617425749	-0.004538070335414837	0.005503911361075374	0.005581271021061654	0.000767629912458328	-0.0047831812757542095	0.0022578097790109967	0.016674479162995845	-0.08889861734614891	-0.013977582680284744	0.0016407396219421243	0.007904912922837086	-0.007244116641898112	-0.025733083291006348	-0.015624662609227465	-0.11357829626164652	0.004338782744380276	-0.014226288553533178	0.004661699040332434	0.00886189485100626	0.05477774154405041	0.018698311049411626	-0.059431347669417725	-0.02503005313984325	-0.02149763657738732	0.005159879280300938	-0.04195127891200379	-0.10355165843955642	-0.045990707383772034	0.005161954797281182	0.08460112223197079	-0.00175348078354576	0.021558235269352834	-0.04888585689604136	-0.025552580166594115	-0.0019696473747329276	0.004118066838082397	-0.027051974473957345	-0.05421995326467856	0.03374081319032344	-0.03368302508388448	0.0019031108133946	-0.049244285362366844	-0.005321387450745408	0.0189249831778091	-0.040527884984126746	0.0034734487647980388	0.001747460824637161	-0.019477155637553974	-0.0014718796108479425	-0.003301540234931066	0.004677984417877747	0.0021469975322370508	-0.01340171953868462	0.014645144880860356	0.005019214558361604	-0.007613328936612026	-0.03781777760431677	-0.05992212727234388	-0.007684970302350404	-0.0006638231490049994	-0.026734872538205296	0.056698669617941115	0.027843797217291532	0.1231716803443155	-0.07600190880958771	-0.03744010278742811	-0.061180448047420774	0.009495727184244795	-0.06298896500654097	0.005577818405676286	0.005360196901798629	-0.000694903851495276	-0.0006118644468134652	-0.021378545071596387	-0.005856324970739286	-0.1679379447824855	0.008555037481604908	0.058561733211970946	-0.0042974462953768635	-0.012296830252204608	-0.009055481817293074	0.00033178080769180824	-0.03951504546889429	-0.006209839985964766
-0.18780535934632644	-0.18703843753366983	0.02045190338694178	0.018687311534200744	0.051522750625463715	-0.018801867568595712	-0.015235188030703868	0.013919818622068446	-0.014915213532557226	0.04870153105009736	0.011122494094860658	0.014048798992311392	0.030782758752948818	0.015122182456918189	0.30499446823355225	-0.16922333668345876	-0.005345930671183224	0.0021430020031848935	-0.018314579619286103	-0.022386609521628915	0.02810865141462466	-0.0031910592381053393	0.002563185219096752	-0.02703117020960356	-0.01588227742194742	0.003450504971956249	0.0465124063432644	-0.11548514593972913	0.00033257334689865207	-0.012391642982338953	0.025004322944829113	-0.0735796258121177	-0.009118610412239632	0.008355508105517467	-0.0016004649181755885	0.01628295236143567	0.00708731570867344	-0.12872193175351393	-0.03977747793670483	0.011766208620811255	-0.04764549131947706	0.026269959304549444	0.04206444163024292	-0.019768441352394465	0.02616016056763439	0.0020729284423576322	-0.043979431739867215	-0.02387084159847616	-0.09377144503343128	0.011955078473376709	0.06570457424759606	0.050081354326250174	0.0020729481521427106	0.002716280899262936	-0.16886278787831846	0.0012312758462032837	0.049054181158027836	-0.057200295293666936	0.022150300193141726	0.00224055217728928	-0.0013627572893320755	0.010523770652494538	-0.05976023351376784	-0.014623063475107723	0.0004123022860416659	-0.036962919428560295	-0.037872510432547066	-0.0007034325176200215	0.025678845202824575	0.042374258316076156	0.006641223501379808	0.022529359839247136	0.004999011002159388	0.013462430364672009	-0.008543889210574598	0.020599791937458097	-0.005773498435792548	0.06935504949128848	-0.013081360794928379	-0.016759301332374466	-0.0009896543647063543	0.00888701464220354	-0.05992212727234388	0.12144354084692213	-0.00015952011688590234	-0.08695975465528372	-0.00326274982648173	-0.012301090873943777	-0.05084534509262499	0.146903449390162	0.18355189129553104	-0.005652261066917643	0.03335091144284031	-0.01799426106814642	-0.002985836736755404	-0.004804784222375718	-0.0006710049933831524	-0.00869753676335552	0.005440761521259531	-0.0899685487485567	0.023180434763398497	0.01534157831357918	-0.008385042901597648	-0.001678429117656666	-0.006141171472690509	0.017578288233568905	0.00033178080769180824	0.02127733217555846	-0.006209839985964766
-0.15701241569017999	-0.13667991912206967	-0.02207256521412123	0.056894764254612484	0.022188466713342243	-0.0757496751302411	-0.018712279963558467	0.045815276032009	0.012644560325992845	0.03269400828038505	0.006280664376460348	-0.003935772008316027	-0.1414944478707905	-0.4262773324857651	-0.03462279470711816	-0.008841084708856889	-0.010795083775343448	0.0008323026912430392	0.018901843285980737	-0.02952112141807056	0.17429709812902902	0.0027319419711509937	0.2168373547406958	0.005249259589996309	0.048754324333771706	0.008584036802739222	0.025975066182495277	0.015933451848297718	0.0006232119810834616	-0.0034305095557529246	0.03105114161650367	-0.07593016254129042	0.17277423603087252	-0.020876290792691057	-0.0017787809543388284	0.015085307348310128	0.015691408849143728	-0.12624609420790053	-0.03864903182266144	0.043307439280557865	-0.030271227901418486	-0.14101450946724584	-0.04495331573677092	-0.05407024821809511	0.03418369932446306	0.005736470854396046	-0.06540045759444399	-0.014441041531790995	-0.08999449846953861	0.009454919143635264	-0.1011633188463521	0.004672061774218964	0.006000012947204866	0.019050776171489654	-0.025710975753190583	0.002589099716053235	0.03920685703645786	-0.07254768267684412	-0.0009361171014508846	-0.005051559539396068	0.012594793176616461	-0.05268018537476109	-0.11643890356351597	-0.0021559096853055897	-0.022863387155778687	0.02864816869295177	-0.03742273249020429	-0.01470062505332011	-0.03802865348083657	-0.05916159170055218	-0.009028484090963074	-0.014424202959579229	0.0019684370949065314	0.0028689395358857716	-0.0028943432729695274	-0.01100458622676331	-0.00416590654557974	-0.004066462634877159	0.009720406077370078	0.007606767829171626	-0.004503215505568887	-0.0018091645214745266	0.0006448928999292766	-0.0053502899884825764	0.008065075856409648	-0.02376239030033532	-0.013846455131987219	-0.013711959015285656	0.06654837823832414	-0.005020200629542352	0.006595901658816136	-0.055623383539631234	0.016405901236060023	-0.026143494669556826	-0.0024146459893507216	-0.0009033997844301655	0.0012519528665780157	-0.006512436224797783	0.011413767480952982	-0.02650188430432694	-0.04014583145342007	-0.03308064280595068	-0.006870480434743204	-0.0021014994524197832	-0.007220949155531395	-0.009055481817293074	-0.002038082104392536	0.02127733217555846	-0.006209839985964766
-0.11208204745300308	-0.0034725388698457252	-0.03318599574664843	0.023928924655817245	-0.0010768652126870177	0.16110011424317158	-0.0054777279089700485	0.036694540389162256	-0.004345058151481028	-0.018449882971124307	-0.01955716002651248	-0.012684807571764482	0.07097336003453995	0.050940826165946675	0.09093919718231104	-0.08466950699852056	-0.006247856550192205	0.0004328654181750617	-0.013954690973340077	0.00026826512074834487	0.031494560868787214	0.004514457658057949	0.10390251354374797	-0.004170423454751349	0.04379558647983861	0.00314752877005252	-0.04438570677778595	0.028994692987337756	-0.00033984053933170625	0.0031515789151464273	-0.0017535171185006709	-0.07887530256178121	0.03752486481988312	-0.009392675247219227	0.004866326187806184	0.004083382462260804	0.0013938359816394862	-0.11089597208527963	0.016946957189507457	-0.00464570420678193	0.007554258314325263	-0.017124057007915635	0.01948944010813568	-0.04275654204915505	0.07072042321650847	-0.005214758712243163	-0.03598535683364575	0.013977434193089113	0.026167230209549832	3.443263659370118e-05	0.0333076869453668	0.024944358896663188	-0.02036631383797289	0.0006314437648902267	-0.02056248694861963	-0.0008265915873248006	0.08564017405574478	-0.05827166509436353	-0.007521139160866655	-0.0036204664761766395	-0.005150349703981551	0.04388606276738112	0.2718798271072719	-0.00077273479508586	-0.05094033347732881	-0.023899513489933338	0.006246282385747873	0.004602548942716647	0.03300338819120707	0.07704662360173378	0.013090684266436368	0.025966093147820665	-0.007964055443481215	0.00893278217276838	-0.005712520894659204	0.019217056111952947	0.0012945228170698855	0.06858736022232573	0.00678441685020925	-0.017976708717970292	-0.004600704652262619	0.022783336679599038	0.04393612499947259	0.07735893547024239	-0.005153978667526229	-0.0043380238909711015	0.020034645014560242	0.013853745390362217	-0.04956373075328107	-0.030567664757898422	-0.016606191527275695	-0.010267815994351163	-0.03962536409347915	-0.02952263807665599	-0.0026279257794683685	0.0034638790087402533	-0.0007686861849432757	0.0012616610895935631	0.007831120243037646	-0.045076694588691374	0.09765598241080121	0.022995231046155428	0.002308260036512086	-0.0007477028961862992	0.0035827613982909656	-0.009055481817293074	-0.002038082104392536	0.02127733217555846	-0.006209839985964766
-0.07716325596958211	4.115344475909317e-05	0.020612863482260876	-0.018784862888492477	0.02547796261475782	-0.08256612518866356	-0.006490529994119258	-0.002891100358659658	0.012483944603399298	0.023700101914151426	-0.0004896894385747266	-0.010587753024720984	0.004035758081021859	0.1557470051239346	0.05737034029481082	0.1675072298487615	0.0033756148949959453	0.00011423310563847692	0.018453369710483163	0.06941412799160325	-0.02901929293764207	-0.0021611066910194126	-0.038718313915452524	-0.017062089464911185	-0.0003522865646410395	-0.002958112466504972	-0.007233568363100088	0.05621150975897481	-0.0014590206939531958	0.004103565987104688	0.00152579929172493	0.07314542139164634	0.05070807162802816	0.027458054783770624	-0.0058292013792447216	-0.024707341619913427	-0.005021098801185396	0.23617003057841215	0.02954110395911919	0.07960223672737146	-0.07230498005086876	9.728230193606339e-05	0.0230254559412605	-0.030201951779630566	0.02094029438634183	0.01718914734300861	-0.06746188609513312	0.045542927587981244	0.04940717690315714	0.008265051806855021	0.02210202891542185	-0.10355165843955642	0.027280764234801136	-0.020408930821866494	-0.023326749958602	0.0045850992107873	0.01928774034745546	-0.009782625665430054	0.004099392580397472	0.0030675456341797388	0.0073242606263389355	-0.04873536540389556	0.09002136076795103	0.061144490248931344	-0.0655260760585413	-0.021740751773082278	0.03705520819671719	-0.018592746151838518	-0.02446286750742896	-0.07193625207475732	-0.003982425646720205	-0.008808037357477486	-0.00584379363689394	0.0026756965392870074	0.01762151758371647	0.013194612464940268	0.0023210324643815326	0.011061458535888042	0.0013929455708685998	-0.0025988499681529643	-0.00410666730316351	-0.026947273353754762	0.007151291271756594	-0.08894571929184654	0.012230427909513125	0.0037483169504891702	-0.04255958130753056	-0.04402213627829702	-0.13941717618293245	-0.007782404968903663	0.03645467983377508	0.019056657256118114	-0.0024682419055185416	0.04442714306323829	0.00630658105802018	-0.008496380498023377	-0.0014818136364435585	0.010450191199939495	0.015861195281903277	0.03160615243883621	0.1549177527432871	0.014024036864355069	-0.02117662693590308	0.0006161357762161367	0.00354802572752993	0.017578288233568905	0.00033178080769180824	0.02127733217555846	-0.006209839985964766
0.04750175388460354	0.08740091129002964	0.01638295278012724	-0.01843822337108644	0.04020632249230182	-0.06607242481724522	-0.02382414750639594	-0.0031221121350773497	0.0004733740028277524	0.0010874630371862626	-0.002448836991767205	0.01008522842230973	0.13170057031816018	0.23454608019079431	0.03483423775712847	0.13028483311148803	0.0023844464530431587	-0.00427498750959641	0.005344507843126376	-0.02374983567208501	-0.02006217808058115	-0.0029759802032979835	-0.06161085614807654	-0.03329614136152939	0.025277440289568687	-0.005007910834180292	-0.015098919127208331	0.0377035561017763	-0.0002599650795287306	0.004460412023248321	0.012844856731121661	0.07920647174182908	-0.06687231675705593	0.029558856122742908	0.006905900657079023	-0.027702319437072864	0.009733409334908447	0.0651614501023549	0.01900398837419588	0.0729329364375598	-0.07784865843089697	0.017893683992613096	-0.008345982951245874	-0.02746729345327957	0.10370689913817717	0.004972654226688463	-0.033233371401267024	0.009146616264568563	0.0438160741206907	0.004452981979974204	0.030107566252036887	-0.006687020925419816	0.03627347601901806	-0.0013392976377373466	-0.021542538774101633	0.0014675448673419737	0.0708446939307798	-0.035148990131992026	-0.03096936586441953	0.0014113903148713501	0.007649917788051892	0.07969841695714394	0.2990211100998526	-0.045745976290214985	0.028888346851618594	-0.009530147466952297	-0.02531464348537952	0.03341557016538722	0.06597129201773923	0.12103887253768486	0.01538447415852162	0.034263300001870334	0.010211253516313076	-0.008521951330725053	-0.009044150765472417	0.0032873295920664326	0.0007142861250231338	0.08096133398405167	0.02038221417711746	-0.029645657187312897	0.0010965191766482267	0.02052223247740605	0.04306927596277476	0.0005839120451682552	-0.009312853558983264	-0.026180549339788087	0.04236523486234946	0.04157776909058812	0.13930213337095934	0.33530166830387514	0.18153957669921555	-0.02266257979285451	-0.0018342113284380065	0.03640207239468656	-0.004887567380131514	0.0029522571317605697	0.0007826727141075794	0.00018344799195353287	0.004335441333472717	0.03270607461581881	-0.10033187573620768	0.012596039651803422	-0.0035096581707251733	0.0021024013624727114	0.003619261506619748	-0.009055481817293074	0.00033178080769180824	0.02127733217555846	0.030318630519710326
-0.0033307265846034143	0.08727991324225974	0.019265062270183337	0.03298201529069635	-0.01988978417590932	0.017045175795627494	0.010966527169923716	0.026048389530324314	-0.032789879832254065	-0.006201207417688268	-0.0012983302070409225	-0.03659728314222204	-0.02464824746926743	-0.04573720724688784	0.019367192440938694	-0.0200956819194328	0.0018762416816680257	0.0001295828537946778	0.004631154293613757	-0.05493983064951378	-0.04202913905761801	-0.0017505962320005658	-0.05016698739588702	0.03991090790302914	-0.01520865134572965	0.002171387239739191	0.004882698443325917	0.0050326436872172595	0.0001439565413630776	0.0019914231382905353	0.019213626752304758	-0.013720638731821232	-0.048764757536236866	-0.04157090259988364	0.004742938766608233	-0.010604932417365143	-0.017339777341154907	0.009938546423495433	0.004525746614705787	-0.03681776234354853	-0.018895412931011837	-0.040306853381555416	-0.007216023579927707	0.0013717906861471234	0.002735786385963274	-0.0071836596001907315	-0.023633368238262425	-0.005860688129095828	-0.08542683661372218	0.0005981395392744092	-0.0645455229269196	-0.004007470905583705	0.012262328983370482	-0.008192546266350817	-0.02584992009776919	-0.0016582404921520668	0.04150712195505771	-0.05571744272843301	0.0025872236268937795	-0.0025419692815082345	-0.004507148557445084	-0.06719830256336527	0.21968589014369092	0.06230690339392534	-0.04345398228218339	-0.053397650382843935	0.015464877731872977	-0.018444252147715116	-0.0013347310611222841	-0.04007045925559034	-0.0002071121796009901	0.010498390218489787	-0.006367460386197075	-0.0019765437073121497	0.009115490591184171	0.015427574309611716	0.005136477299714563	-0.017578003659380344	0.020358367258932714	-0.006242948046985867	-0.0008494008955731736	0.009795253319191453	-0.047668248747269694	0.06376748044145684	0.00840350509631056	0.042604959475291915	-0.11315159094690323	-0.02444400626965891	-0.11936678516186215	0.052728357478522295	-0.001045715580710115	0.0093956687905529	-0.04126594009620494	-0.029728856446022137	0.007015138542756586	0.00033374733666047805	-0.0008585938884577071	0.008304087700521823	0.011996044439395887	-0.0742318588969857	-0.016216896365981715	-0.028444208896266702	0.00758631470397348	0.00023973847953458338	0.005942348296473029	0.017578288233568905	0.00033178080769180824	0.02127733217555846	-0.006209839985964766
0.05554319999673628	0.06143842726295782	-0.028117986135841523	-0.04486347043947641	-0.020081631667445577	0.0013672734070683799	0.0012064532958197555	-0.0741389291544416	-0.0031232139093109353	-0.05961263917922946	-0.0007777029449315444	-0.02144145929741839	-0.009438392780053624	0.1464718065733157	0.05044641203451786	0.02534571493287792	0.004378028055208404	0.005158677819674769	-0.0005411191833372077	-0.05993032786190511	-0.22606107907078632	0.0037432957972857316	-0.09657508104329954	-0.014646407752524638	-0.05002440434405651	-0.004509246743635754	0.05414327920942751	0.015985831792655225	0.00020643897041210422	0.00011257229868933063	-0.0037689102433658634	0.04594114345132629	-0.09052877354559122	-0.009078351952036524	-0.00888825535648772	-0.028300460228603705	-0.03738991623725129	0.11722541546423826	0.009462598110143704	-0.04313097476914114	-0.010380286284528898	0.029825105094870595	0.06374700010269288	0.04101136708671691	-0.050061943887150906	-0.00034680678510662	0.01647149561448939	0.0005492570052721324	0.0316346716978946	-0.008449104229378212	0.004813842573382888	-0.001372936954733167	-0.018840064660730755	-0.0009518463053099853	0.01313423260238208	-0.0024379661443005973	0.002055694591066441	0.019489543002139734	0.022482378217810982	0.0071409530828823115	0.0012307408392833103	-0.1182062588972748	0.2355646207702435	0.06458703337776617	-0.04796775517704386	-0.033969783335341605	0.03431894614189427	-0.037018941155631334	-0.019177326672840434	-0.066560530275209	-0.020220521497686477	-0.020699893426491447	0.005177223694346704	0.0024073274446070043	0.008934615191420758	-0.0012735478311408197	0.0009294665732099021	-0.033338440058510416	-0.02163886044050829	-0.003604279794311656	0.000873582666885464	-0.009034834174694653	0.002030039343554294	0.052256794669777784	-0.012014164073334133	0.03074017490260756	-0.025546953071368294	-0.017671502239203187	-0.07393420815857007	0.028275476153247478	-0.002792118155551734	0.029042776362942602	0.020917177625585915	0.01086944679144303	-0.002499467800596747	0.000965946095717703	-0.000466247183953738	0.002498402332260745	0.019212050283834062	-0.006200607192387553	0.06662050006935923	0.038660801198241335	-0.01694982892698199	0.0013852817090147878	-0.0041538382416956045	0.017578288233568905	0.00033178080769180824	0.02127733217555846	-0.006209839985964766
-0.011190267953982454	-0.022770421429208203	0.01843142737258085	-0.000734332523263695	0.01562165815320715	-0.0025090979014242326	-0.009628127783924962	-0.011121607234150588	0.0035915249201375833	0.03060278326060517	0.0016365843916784383	-0.0031728239258945897	0.03927559739650545	0.18053595584957285	0.014494962314825234	0.000550223932121071	0.005194546699373614	-0.0037886422913030213	-0.006646545821662715	-0.0046827202736771404	-0.010368167878155636	-0.004139187053076666	0.05316512889204503	0.14345097360917478	-0.004671526046959907	0.0007346719356476579	-0.04198007439928304	-0.017257152785523668	0.0003223505816094242	0.009302989488991295	0.01616178488023396	-0.011191210399501793	-0.04773154957003803	0.008868309038283735	0.007696693352416962	0.016230502257010813	0.005531659221656786	0.02566202604991925	0.010054899737456796	-0.03528541744436457	0.006433681802630068	-0.00659220715932443	-0.0006653856378378708	-0.011787254060040813	0.016042569834390997	0.0006353427895319712	-0.013132331257192428	0.0011111460951516489	0.024087321245135723	0.005043908223464972	-0.020282389810919954	-0.027115954414357067	-0.029393675222664253	-0.00043645677440885437	0.006682086887343905	0.00011131813365389429	0.03773483677992568	-0.012204195246646222	0.009298515142966318	0.0019390900803087305	-0.003539564355103827	0.1507592173328414	0.25001759327538425	-0.04733861402121755	0.13359232761711629	-0.15417263090128716	0.16042531847540123	-0.0032279842318319076	0.17583940628348432	0.1851120703487503	0.028758540554037152	0.07177091764705842	0.03796917239447773	-0.02114313511109103	-0.03098877184443334	0.018580352747643507	-0.005911639801728038	0.08842413017673327	-0.031418101818485415	-0.07675464938655262	0.022622080142877872	0.03373438168834267	0.05786818649113725	-0.027418618437846647	0.011241679259402348	-0.024125011643348074	0.024104566275946298	-0.0036716364155817177	0.03576663662461542	-0.010650318513206646	0.032125495130632745	-0.03268035558522668	0.0013866078157103792	0.04669816546902989	0.0009650505903312471	-0.0032036263993652277	0.0001835694910392349	-0.0024242622291490677	0.005605927639607674	-0.027513975788121904	-0.0353461919684186	-0.0009939255412514398	-0.013530780249658222	-0.00014075286316643954	0.0055368986539637705	-0.009055481817293074	-0.002038082104392536	0.02127733217555846	-0.006209839985964766
-0.012285809247134166	-0.05786711093983913	-0.0004889785235486009	-0.01289640113451888	0.018444007097077025	0.003161620195926793	0.017815986426230113	-0.029147087808775125	0.003545551697327738	0.00857402853638653	0.0030158756645619227	-0.007421091133844939	-0.016372595789759158	0.003397631155355582	0.041564388192202394	0.10095435530495439	-0.003874717044499058	0.0020230163532871923	0.0013122521261766556	0.03786592373466386	0.12908715086369313	0.000298303562154893	0.18100358608498712	-0.07696903288453454	0.02206479227489598	-0.0010347236119526652	-0.011299554802753005	0.06682635197287397	-0.001160592506691402	0.0012894593229714774	-0.006595583117981546	0.008698388304555132	0.06185055718944093	0.011521617272909642	-0.004216250740434484	-0.005312640525061772	0.013365899863462719	0.0709062115011686	0.014615816564061364	0.03228520951884531	-0.036992130289320496	-0.012883664582812843	0.016261296988835904	0.00032731926207641993	-0.023438538188069916	0.006499820969274839	0.0061484550124027175	0.03774157149140093	0.12363259493890393	0.0018359202795415368	0.004948556820300108	0.04217372373403507	-0.015093280302044145	0.0047240304387226395	-0.09150687258190153	0.00013971549219166622	-0.007060355801167351	-0.07990577706403208	0.04218375325303271	0.003559748022583237	0.005528267740702987	0.01066551123114936	0.10447654798388323	0.030615360375916598	0.003333336222618099	-0.0698292941682285	0.03644633681067327	-0.008917990114111849	0.00901546086606931	0.023306352321532192	0.0049283476626391445	0.006312467400887223	-0.006430102364529776	0.00024225823967900553	0.005270625564003766	0.023482330772751962	0.0026329215118393	-0.052053044531505055	0.0002562735138078022	-0.001966959747251139	-0.0015306326247426102	0.014102601568289274	0.03379452713766264	-0.043856812840926566	0.0029977981741025755	0.008247267673202286	0.001573619485495631	-0.030393912722370568	-0.043702659131734496	0.006063143439513043	-0.011686160293064459	0.00537671575965557	-0.003397434272691946	-0.006079324942039326	0.005420090561713813	-0.015076588378830413	-0.0008755834577902341	0.00042799174333259005	0.038800615614430135	-0.011400407590678278	0.10954333806108588	0.022970282630327306	0.07093955892924846	0.0020145028602814017	-0.002656319698801219	0.017578288233568905	0.00033178080769180824	0.02127733217555846	-0.006209839985964766
-0.19406479576658614	-0.05287514725941142	-0.031026343009694188	0.016869113847303233	0.007762865325235106	0.00566762557609207	-0.01170138294850209	-0.011693555727310201	-0.02305093406048676	-0.05209649887365013	-0.0008594758225157146	0.006995344216465437	0.03600748880388264	-0.002824894480567703	0.03693838238064881	0.026337527292653942	0.004256830014547039	0.000141632311005378	0.00010145295260681176	-0.018370571215044762	3.6804524284648467e-05	0.003890700349876811	-0.016511425516018675	-0.038127129195159606	-0.021155904693211235	0.0025392685476838765	-0.013906771638806334	-0.018813519982177136	-9.187965385829613e-05	-0.0012515223045938086	-0.0009526931719556994	-0.08205072591548271	-0.01863752881088508	-0.02300659791697261	0.004206272616475395	-0.0020047940056974775	0.011573981760619393	-0.19951321669954397	0.01187745343799067	-0.0047611244643490525	-0.007900934553553816	-0.004392252006026278	-0.03849293149142608	-0.021976485509283716	-0.05272759123786223	-0.004755823368372353	-0.01684000357202332	-0.010087560633852986	0.10817460160312761	-0.0014033241612000764	-0.010316664715500759	0.00044141963529864645	-0.010847481824689968	0.0036572438592191144	-0.03991297913516375	4.879711510697631e-05	0.05453848811060689	-0.07916389745032433	-0.010541772250896862	-0.00421723807633169	-0.003413691693800822	-0.04660817687534475	0.14471556777624148	0.03162707046798422	-0.045874597678060826	-0.056602384483189085	0.03605951219628936	0.0003679849961935928	-0.00557053960064634	0.021063242648944457	0.005179729694776496	0.02589592262053957	-0.0035688809197416886	0.007778526438062059	0.00037741336134439587	0.011287443093820014	-0.0037909608366862983	0.016287114211951666	0.025006848790721802	0.0028817572831012035	-0.0058016770866613394	0.006557428054240666	-0.05992212727234388	0.017201418164320286	0.006266965762294121	0.01997802222281586	0.01455852004968823	0.00773429849876425	-0.06193847405727219	-0.04779481531567442	-0.020179804095090965	-0.016998280303818607	-0.027251014662424248	-0.04714294283724279	-0.006674707222160803	0.0023544931488283095	-0.0007814899014865005	-0.002330319331847879	0.03092627755821082	0.02239423243972517	-0.06042626243747137	0.015772912936351798	-0.028318021133645843	-0.0012177809192884903	0.0019294043315666658	0.017578288233568905	0.00033178080769180824	0.02127733217555846	-0.006209839985964766
-0.02773725135988676	0.053237569086191525	-0.01770216784519064	-0.01208397170691546	-0.03213025463726704	-0.006482405508552665	0.0069967057845001695	-0.04807135675803057	0.014090893330048279	-0.030315187233298766	-0.008030404181966495	-0.021661036527248687	0.30073871527363333	0.23328602189056796	0.013608685425638206	0.12450244399999365	-0.017700788556065005	-0.0036112151801968844	-0.005357712348106661	-0.06186438420856791	0.06313319937832484	0.0011830186630918606	0.09330451659957323	0.08113936222015788	0.053690833289007596	-0.004204874077084341	-0.03689165715205274	-0.03927863170360131	0.0002900918862751375	0.005189168331821321	0.0389581864072895	0.026348992168716903	0.13317848741995206	-0.08792715834596193	-0.0016014980609875677	-0.019225342572523563	-0.003898160878573126	0.38069214402592	0.014681404687539135	0.03200356886431601	-0.009290693975407638	0.016145404047295645	-0.026462702434652586	0.03849889193088198	0.050824315313152	0.021753131343342003	0.03939634833290953	0.0021623900847615664	-0.05692260798753631	0.0036846246464533696	0.015728730615883584	0.046100988521072125	-0.013549647092228598	0.00653382979298402	0.17219475474158022	-0.001041959231916415	0.06684372272798413	0.31032215507230854	0.0003169299831921633	0.0024371023171079528	0.0036188472451321183	-0.020687017682411716	0.07509853774986835	0.08113779220710815	-0.03224459126048188	0.0028403224461191505	0.08524316005527652	-0.03122678448689504	-0.017519828870951954	-0.03671014481545436	0.008003455994404766	-0.004443342534116014	-0.005678389129858653	0.008854757684871213	0.001504364619762367	0.028504324879325776	0.004350961167341326	0.00046734015891900654	-0.005803606861259299	-0.021202575358747092	-0.0031784572280073235	-0.03781777760431677	-0.05992212727234388	0.024004458194495024	-0.0013761684672398047	0.06580879565986773	0.0031982061960049253	-0.011716962245377641	0.015750654662242698	-0.022128299285926637	-0.00515599166398491	-0.014724854982186945	0.037020589652763246	-0.1077109110939543	0.002819850410793074	-0.010631674861082298	-8.786799645167763e-05	0.006932176772418216	0.0010822550410502943	0.05795990583540599	0.10021938745319399	0.031838899475551734	-0.01005922249188365	0.0013135740050688992	0.01225203921718492	0.017578288233568905	0.00033178080769180824	0.02127733217555846	-0.006209839985964766
-0.09714688605148462	0.09698467585120282	0.004187559670739377	-0.005440880649411479	-0.019496378573003043	-0.004618208648482046	0.0011892248652958723	0.011236378699438615	-0.019561991234896832	0.05604566416035717	0.00798404273226139	-0.019690757342763134	0.02448193245007337	0.14262472016109698	-0.00909704614388599	0.004394199723171587	0.006062871580584465	0.0006280514250328115	0.0014683161946737317	-0.01230340323679402	0.026100354651470092	0.00011709180739957971	0.07192900311053724	0.001108207795144193	-0.019300758966166346	-2.8311344749624455e-05	0.03033101601485859	0.020835838983958428	0.0004054534253080667	0.0012171598077119338	-0.010920241706999985	-0.005259688085861078	-0.14031647573055175	0.0021635841778519568	0.0009810771138355084	0.001140880439528239	0.02363945726429991	-0.05073452699319947	0.011470362156513737	0.007974501742050711	-0.03065389222309987	-0.031161331250554973	0.003166425073891936	0.020348307957428292	0.012711960197829835	-0.006010921787622676	-0.0361637999700603	-0.0119999521133719	0.0570812140383533	-0.005966756558030563	-0.031690486396476425	0.016755698658056924	0.009300409002090547	0.0020395012212124967	-0.015111551936023442	-0.0020793719879418806	0.0976713194597913	-0.0548984239892484	-0.009221590987331774	-0.0010686129220498133	0.007328322218354976	-0.005361208023466419	0.2866912662603269	0.015225811610388591	-0.020719106488261193	-0.03876603855927114	-0.0421164275092485	-0.004341490820340827	-0.00931344015299605	0.05313213900618261	0.007155804494798075	0.020885994294507694	0.010524303841095662	-0.013307692116986933	0.007109589268341538	0.021372456168015492	0.00487162372730226	-0.026757752712859042	0.01093820265197174	-0.015381734316912645	-0.0005623836348642039	0.008025468019595609	0.005002862759253024	-0.08514970139141925	-0.00019162544855545153	-0.018196856305896496	-0.09101454754892929	-0.03941302453552907	-0.022853479809352827	0.03749398686734008	0.013658377691343065	-0.042775217463276546	0.006941433976196826	0.01175885944513723	-0.005156198868652814	-0.005731856987981945	-0.00028409660994178253	-0.0057669631600183015	0.03579247997298708	0.011120972103195716	-0.028606823091981017	-0.019658339789462086	-0.019737780753466598	0.0024010233428240274	0.007289253467681888	-0.009055481817293074	0.00033178080769180824	0.02127733217555846	0.030318630519710326
-0.14345554945098657	0.014632573344224329	-0.028733364014515147	0.020827663791563696	-0.03357568768307752	-0.033150745264752556	-0.002634613031842514	0.018016911168765182	-0.007831353416013981	-0.019245881099739452	0.00045662027725588804	-0.025636339762464815	0.07815360887147765	0.029974218477511427	0.004911452304592791	0.0579497054477642	0.0006706294525245169	-0.005759568148496751	0.007964696513989162	-0.017037978559844215	0.07959569965395998	0.00282725077289715	0.09121270101368203	-0.08036050010810615	-0.0146689985393959	0.0009917214371730713	-0.004097520306170058	0.004192301206689463	0.0009042927935678675	0.0018639216149951069	-0.006695287722044872	0.006191965234365741	-0.021799788801600134	0.002556811549504311	-0.0008946716550521893	0.01570801671281554	0.02158219434966173	-0.05245951720571656	0.019478948446038386	-0.007412325968430492	-0.03078539989795463	-0.015215522474997184	-0.04110189352576345	-0.001178376489615529	0.07866930093731339	-0.002219310513509537	-0.0161809328638843	-0.02912188981314999	-0.04194333567369825	0.004418011421319723	0.003642543635312122	0.011510131944277555	0.005961748906270893	-0.006087255517706241	-0.03642504888488899	-0.002034355445249859	0.03678079717812937	-0.031358337373455086	-0.020038116088260092	0.0008068698095371656	0.006123229566368626	0.04445443659077465	0.06399370748942125	-0.01731937478062281	0.01740696039046238	-0.022467099368163584	-0.06938491696502014	0.01541157010163799	0.03868572205190089	0.09509945276699444	0.011213295478522305	0.015006604291739594	-0.015359098020250815	-0.00010532807527977172	-0.005988505311278097	-0.006715010353265475	-0.0015001687249496284	0.0795969162584496	0.04894685038174145	-0.029004141150246455	-0.0038932688014461344	0.018337869004024093	0.007341007506122212	0.01747745848887558	-0.0052294174134953865	-0.010488279238902505	-0.0037339814761422445	-0.03635338479852724	-0.04079377804586681	-0.04697729166827711	-0.041951937703132415	0.03167087372332252	0.008074648554480845	0.022717907719352445	0.006521232250642409	-0.013006332918992917	-0.0003935177222455155	0.004512697276312997	-0.009199790493247999	-0.017670099951629246	0.054509144409497806	-0.03338822791707343	7.913518892935781e-06	0.003202164599813019	0.010281338942918475	0.017578288233568905	0.00033178080769180824	0.02127733217555846	-0.006209839985964766
-0.2600053387901934	-0.07160947857480358	0.028496070917343724	0.040424864929171425	0.01063315455156088	-0.017907055234220214	-0.003307850690891725	0.03559584453544384	0.020647415066805164	0.03959875765770751	-0.002188094826077138	-0.003156779891861877	-0.020798696606252425	0.16759368807606284	0.03148504160876504	0.1007266135597932	-0.0013397297578622588	0.0007766729136253859	0.0078253231510286	0.048094817696053	0.05420502156310646	-0.002101642840301192	0.1236328173632459	0.03142010941934142	0.05287762714511544	0.006744818291905959	0.050170777531106846	0.022747592881613102	0.00016506330243812968	0.002443532757182118	0.013478655123113773	-0.05561005496427679	0.020033019431803974	-0.005800996215871911	0.021347343948293313	0.017022504387699047	-0.003911329214180886	-0.005205747820418968	-0.03394698153975428	0.028957140689933228	-0.03487712392822512	-0.02672538489029613	0.01689460554941914	-0.06547577141953319	0.139373295564091	0.008104983611159359	-0.07524987685740324	0.002045009230423949	-0.07079914662051222	-0.0018540941673370495	0.030053663506933007	0.05195855945043982	-0.01612761210208272	0.003258933052685838	-0.05488974796514685	-0.00032947239674643766	0.03791631702879733	-0.07186832621784173	0.01770842978677872	-0.0048028981069937245	-0.004947042964520245	0.0677320496563443	-0.02360981192099995	-0.01828855602259861	-0.019082998678314225	0.017709314663463788	-0.012221400098850671	0.0021724942025522637	0.04808408300871809	0.061259048500935866	0.009996475064733891	0.018808251933388236	0.0010844129444584434	-0.0020728191303428165	0.0004928633633109866	0.009376548118277029	-0.0029925606684527237	0.0834831934071856	-0.0029576727984456496	-0.020877204269519684	0.0015639225125247177	0.02352266231607388	0.030703919558774904	0.06730084307922463	0.001428709617289182	-0.0028692128284064783	0.05913808942443467	0.03495245237850595	0.10529904482798336	-0.025536127001561784	-0.015404383969324429	-0.020402252373233405	-0.01839878707827975	-0.004816008771594879	0.0019525932879285448	-0.008626552628516176	0.00034917185515530037	-0.0001986232673344314	-0.010217410883962563	-0.017734895527176515	-0.006615987702897973	0.008711138603879709	0.02461593699935135	-0.000901471440883981	0.00280137926185952	-0.009055481817293074	0.00033178080769180824	0.02127733217555846	0.030318630519710326
-0.2759417531166907	0.03178319441544454	0.07080835862046872	0.011356296677945273	0.006533045906156978	-0.020968531763694932	-0.00432387752838869	-0.015662768868324028	-0.01417219093275203	0.007796317124302004	0.0007967822919664245	0.04349932763032097	0.04538038842287435	0.09123137253378234	-0.0013656408537169884	-0.14569092526340952	-0.002319842000113516	-0.0034744623768758606	-0.00010367445917942682	0.07167116948566567	-0.0474001736203017	-0.0053441976786319885	-0.055854576394195006	0.032958601197751534	0.011224566354526086	-0.0013419381304892125	0.015966159898387264	-0.018837677753073268	-0.0004754163750264619	0.002612264941294751	0.01123080173105402	0.06520703753632333	0.00986650406722943	0.04260660770800343	-0.002870786703777108	-0.031612144798810186	-0.007108739855137292	0.1499347218425953	0.03932149856862154	-0.09302145743443918	0.005624711386754169	0.015347321064799092	-0.013465319736031649	0.008824887674076444	-0.0005067052428399738	0.017090729976285742	0.024799049884308248	0.00660592677375495	-0.030690738395654265	0.0044864379891080735	-7.716595058503524e-05	0.02181568053731956	-0.0006118301968734019	0.0012607722215077072	0.04325713655617904	0.0015693547487110866	0.024859335669822673	-0.014059820235297503	0.001681261487187125	0.0025481336150671	0.0034752439406508916	-0.010025020692266556	-0.06766366099813911	0.061366283645874764	-0.03995400220365278	-0.035325607281731806	-0.03544989408000991	0.005030880464044764	0.008826200084371915	0.013941880784035241	0.007097317960591219	0.012764838562160121	-0.01272125295242675	0.025725200340271977	0.003020461092496974	0.0016239311717596433	0.008181176863077197	0.009063812198469988	-0.046609137992577473	-0.011427663413259492	-0.004012058627687209	-0.0018289649943773164	0.009007672720559082	0.09321703517235587	0.00435191865213055	0.0007935065298444548	-0.009412439872153872	0.017013973907391164	-0.10755091063761275	-0.01967374363576286	-0.03915759441027902	-0.004563543475181792	-0.017769191591769897	-0.021137735578951513	0.015753849316132537	0.00103887915582111	-0.0003458524540022514	0.0032206534272244047	0.00015322752408751726	-0.10039255030105493	-0.023558968707143007	-0.0016330386162246436	-0.015267490027438522	0.00029651685206595006	-0.0044576640165497035	0.017578288233568905	0.00033178080769180824	0.02127733217555846	-0.006209839985964766
0.06734516616494686	0.06409069533799472	-0.011996142034160915	-0.036790900980705595	0.003595957716406888	-0.03742072129579395	-0.0034299309095823043	0.0341875851161568	-0.0015295405770586474	0.01813207366999251	0.007466314571507833	-0.02362957446014695	-0.042907555548977	0.03053149985636825	-0.06710815772635602	-0.05901213184687146	-0.003527060240431986	-0.0013629949190085966	-0.006867325470419229	-0.02747271192742175	0.04476007232707858	0.00021851743807580547	0.051706663809448786	0.05891551989719976	0.1118825864184697	-0.004045880433278438	-0.030333715626884045	-0.012262268001861438	0.000657116723008965	0.002381900458065298	0.03347724295941335	0.047390988757451034	0.04288074023425812	-0.020684160474574335	0.0017225744500147231	0.012552279272762317	0.020755499488022564	-0.10622354982073733	0.03160380123872008	0.021756186147239336	-0.05596652818782916	-0.008708752177437676	0.008228655495388211	0.044339199352343386	0.12445422643359652	0.004371673849868593	0.22369366528265922	-0.01886021284787631	-0.06884503130865965	-0.006146132839401778	0.07116211074893397	-0.02180913856616959	0.01252336100223845	-0.00441834335442743	-0.041344390835364155	-0.0007940934101133038	0.029801250899565652	-0.03900197913749312	0.026391564794957762	-0.0007301646864959996	0.0065875847711298775	0.11335891193132164	0.20234821473318088	-0.026402484786442925	0.041195082980529485	-0.08327695984468989	0.13580853981035884	0.03503241961451144	0.035336303903930756	0.13632305195699834	0.017988738976472237	0.04008664151256569	0.01974380295202089	-0.017582893784640348	-0.01182723110494788	0.028212265442570734	-0.005365757124763957	0.14113200010118981	0.006554583711815215	-0.026190104798597392	-0.0011196836024849697	0.02390214652703068	0.06519036789262184	-0.09936318065580128	-0.01713867921289929	-0.02550827545519894	0.0463603598277625	0.007322104507914879	0.02448703504546483	0.05673455566201188	-0.007881684684445943	0.008853484762923783	-0.049330399217902256	0.01285839311283665	-0.00602858188437109	-0.0015155391799950523	0.00068945187600862	0.008799096965899688	0.006273372872785341	0.043295998168636135	-0.09343894694447501	-0.021218377953420003	-0.0244026410319225	-0.00022434338707974042	-0.008410184321506857	-0.009055481817293074	0.00033178080769180824	0.02127733217555846	0.030318630519710326
0.17968802400116635	0.027903069647510433	-0.024655484209784168	-0.014113927033735539	0.037356701639288364	0.03301867446644038	-0.017816308000571823	-0.010511790757128499	-0.00979898930227225	-0.01670400355879943	-0.011061216118679764	0.0009388329722621147	0.1316693495522329	0.4209207671586145	0.04703252785809331	0.08363521810565189	-0.0035130562106896824	0.003384607372384253	0.034236028369375664	-0.04278900252720718	0.0015702916402497975	0.0038696218055914835	-0.06055948981277178	-0.03413562355174325	-0.0029220290023720483	-0.0032725977638616223	0.03390970358082849	0.02137728777476849	-0.00042635948674843514	-0.0027839902889049634	-0.005260197116163184	0.0347713399103485	0.0055848950288529	-0.043733116133794415	-0.0034181230834272464	-0.015143444179999173	-0.018761004063304214	0.2082296248742152	0.035138357719880164	0.015908827961768034	-0.06783672157775558	-0.015363867753870627	0.016443298966199938	0.04945612485307864	-0.000784331145068007	2.8584209724673046e-05	0.0809402778325655	0.016069076237845266	0.05764378886494057	-0.004744504996292244	0.023530204449737583	-0.027334002758162772	0.018001495586674788	-0.008825038162436709	-0.023602650171276975	-0.0006226465729762315	0.02839430690314164	-0.02579196043588896	0.012483187305554972	0.002844764605201802	0.022686367902404594	0.012745979318144933	0.1403173023513541	0.01677824243270902	-0.009522370184466156	-0.09755213071850592	-0.02122087687713094	-0.0025187899875619255	-0.0065236082249311355	0.07762110945084073	0.008451365342409423	0.023267580506129842	0.011080977040273355	0.007206514141001726	0.0011211782930812034	0.017717429993313893	0.0005440434981145833	0.07075197156776053	-0.004163142808078848	-0.003051292806578021	-0.0014752738663199026	0.024674827938769735	0.04590316462764792	-0.007821884520230683	0.003796275142623794	0.0051719350595308316	0.019063240782566635	-0.01909194378376194	-0.07150179679808916	0.022081893762194476	-0.01890852713012332	-0.01640691239400348	-0.017346309483321044	0.010253302476835218	-0.003164406547809183	0.0007243109150016016	-0.0010994561204555118	0.0016128951151389893	0.026373676821807388	-0.010336284660473538	0.022484426047270613	0.018433913145228006	-0.012298776012449419	0.0006663747619747965	0.008109640353349512	-0.009055481817293074	0.00033178080769180824	0.02127733217555846	0.030318630519710326
0.08713568185267781	-0.01181433589568445	0.054179063377615175	-0.013349767105875985	0.026918166500007085	-0.04990265658892029	-0.0036138115823765448	0.0004269020513230151	0.014331664765356501	-0.03422646329292552	-0.005563617973744984	0.014780114571221655	0.019897630222862957	0.15829456394999133	0.03311321633856401	0.07426321465159258	0.0014237395478756858	-0.0008553596580730896	0.005384137194554426	0.13901278538770387	0.08125789154022282	-0.0022384373231389932	0.04167667116357027	-0.07820358339721566	0.048727739212431946	-0.0017328170044404788	0.002617703310767206	0.05459899208987721	-0.0007370888781258743	0.0022957039351861816	-0.013110712482663598	0.011888959494590194	-0.00545127843985848	-0.004984668643117964	0.006453177018678053	0.0069482073691481214	0.0023758271508051688	-0.0062043212705827815	0.017984188112856094	0.04625626055903963	0.018898445288627976	0.005971865029869112	0.029116840330348837	0.010207771893021734	0.03581410708918787	0.015405089826928271	-0.02240223240439683	0.019910136260092352	-0.0067128392663164714	-0.003797225543132225	0.014743148002112542	-0.023729419136839666	-0.01991424002458253	-0.026777179315044027	-0.021372691473860853	0.0017542309590871407	-0.0015606982360500201	-0.03260279674183119	-0.0022778282268623375	-0.0046096768669737255	-0.008363653833287998	0.058599719398880125	0.14526253336334727	-0.0026489053492999926	-0.0037042428626103407	0.022151194191313502	-0.02204258352535824	0.0148595385279439	0.03495469723281557	0.08389188600626034	0.007645103414103358	0.016070831973424727	-0.025767587490694653	-0.008892451959312956	-0.0012307628185869084	-0.001041101496137224	0.0028387365192044925	0.06667436252136684	0.019214596007894172	-0.011198477325559139	-0.001592411171940923	0.018113532421396256	0.03202878738968001	-0.02976804552361525	-0.017867132399722853	-0.00043713497722233397	0.020558395465614082	0.0035037445588873353	-0.002799340541233778	0.08712889130087492	0.19517849282127744	-0.004977086520964445	-0.03698973914775776	-0.0042956241513584115	-0.0009940723855257228	0.0013646671362146422	0.00019710972227817255	0.0041864534933740176	-0.0007316162566622011	0.059960599572208596	-0.037030711427029225	-0.02238238522989411	0.00352037251139986	0.002008190542473491	-0.0029904918938999697	-0.009055481817293074	-0.002038082104392536	0.02127733217555846	-0.006209839985964766
-0.016107623328770082	-0.004547470188944145	-0.10325287333425588	0.003309484355100001	-0.028686183723330396	-0.10160079654709432	0.011664787741147344	-0.00836259333955618	-0.020907649374861483	0.004441497580574479	-0.006839889823410339	0.0119586498037724	0.04649135244671725	-0.26276783831724254	0.04650058151303209	-0.08670347489974545	-0.004968812520419237	0.0004485780600467785	-0.009127013124699443	-0.002334232702547495	-0.004837586381998508	0.014132141854797439	-0.027602055038476066	0.002340551793115279	0.05747653847362488	-0.0013768535109002936	0.06208058241681798	-0.01936650001674438	6.786152318711019e-05	-0.00169263239599826	-0.0012369879124842144	-0.0035001623136150894	-0.0059245112916005045	0.02267620685875435	0.010343538451542626	-0.01654621610657464	0.010962508749937773	-0.08535415058796382	-0.0030901569247136274	-0.0511880856734598	-0.03831675133485519	-0.00039580504550148804	0.023530744777691646	-0.02968764305966064	0.08820603787728479	-0.012138722428969967	-0.022909819408161003	0.0013058997631989551	-0.006254760948045027	0.008539425624799805	0.09247415211653627	0.0055322524363265345	-0.01393277762859163	0.006606713945696227	-0.026487229924676354	0.0015372894302662684	-0.01123161031356291	-0.07429371917927342	-0.005950192268289361	-0.000873486293856851	-0.03268894648630831	0.0347719947760994	0.027316601731778835	0.006636301315911799	-0.018803920686203613	-0.047768767635168505	-0.06548074611999948	0.010713350385213873	0.03059972286800503	0.08368178327575648	0.01449303410369122	0.03710071468844586	-0.0052711558095502485	0.014286032729315994	-0.0036420897376335864	0.009626910839479811	0.003961951112425928	0.06291997276428994	0.001591316518252033	-0.017460747522314874	-0.008251008209793772	-0.03781777760431677	0.0469490466689531	0.017599817245369256	-0.0028039035132171137	-0.007559806785959673	0.015229410773202756	0.01495642653606591	-0.0005276924426758384	-0.08842147404354411	-0.008247224241232339	-0.022161657790055744	0.013006249351631563	0.08104892200992886	0.00108444762413692	0.0011811377100424544	-2.2610913878982467e-05	-0.0009943560240524602	-0.02165576035061292	0.018367090200919364	0.08100723929830132	-0.02126649590205485	0.011779193678988146	-0.001491269438164083	0.0010894963624971973	0.017578288233568905	0.00033178080769180824	0.02127733217555846	-0.006209839985964766
-0.29295772743925175	-0.2074655835734366	0.013382925727565057	0.058087878430286094	0.012786835376516672	0.01810442142335306	0.011992460228223194	0.05426972655175693	0.001539985171778934	0.029176917691449453	0.0011846731335217117	0.00775951811848969	-0.10794199766679204	-0.12824497562621875	-0.006169582075636204	0.14824993062902037	0.0031058346635275133	0.004741403284762834	-0.024085208474585798	0.0467485609907922	-0.12354034091287501	-0.00039647669146740194	-0.016706553854746314	0.11040470407666311	-0.011358592114266125	0.007957599950853312	0.06156090222940348	-0.06813837230900197	0.0015834855672595112	-0.007141954336331404	0.0039022089582428383	-0.16157995808771564	-0.05200461536148821	0.03203428897027124	-0.002669362353499251	0.003641966569839523	0.002456019561392469	-0.39143414306499635	-0.10638820191449208	0.003379178487993335	0.02981977732874026	0.009718242514194371	-0.06895742966909414	-0.0637056401008053	0.04137211964210894	-0.0010310005262937007	0.0971502793865634	-0.05410377581401384	-0.013188434933284924	0.00827540035314419	0.09777787036611155	0.13290303475937423	0.005698835998557393	0.007578182218032894	-0.009810157645701882	0.003192145419779031	0.10367928946997758	-0.057404375100401514	-0.027349766936750695	-0.008655638617502435	-0.011733654025087376	0.024420474099616066	-0.15622994054777736	0.019346051876956476	-0.027292436689138194	0.0053376268390372605	-0.026962079748586876	0.001781367651651777	0.04102494367847327	0.009860265429251178	0.007820307925999208	0.0098618687673529	0.011895089974334656	0.012249174865368516	0.00222520864488356	0.0015954992685743455	-0.0033887435095548606	0.08440160883142991	0.006184553884702086	-0.003613711614091502	-0.0016903805106283597	-0.005781114080687049	0.04337922494023047	0.09294732315482832	0.002079735397336735	-0.05978462462919289	-0.07890728391876221	0.0061684899659869286	0.03862809689881948	0.022721515413832195	-0.04881383765378729	-0.057728333829561974	-0.0035900119560628306	-0.0221102214548186	-0.0010000721007737974	-0.010018747248122406	0.0003994571026087757	-0.004964847841832485	-0.00940794260543841	0.024299610100603743	-0.13482720639494072	0.004102793888839102	0.09781413122312459	-0.0019418960716171428	-0.008116587731548504	-0.009055481817293074	-0.002038082104392536	0.02127733217555846	-0.006209839985964766
0.1854069633181837	0.06779289601767721	-0.023109100066713944	-0.06858810304210737	0.03498947719861629	0.0012100717263555435	-0.0031405252249046937	-0.019399862705247007	-0.006553269273763197	0.019171849959584313	0.0002146624554132574	0.01731410365554705	-0.034976021427267155	0.3908257679886667	-0.020640070280022935	-0.06421937238106643	0.0005328081940475678	0.0009228208403041777	0.00045716116285164795	0.0274672753249855	-0.03239960063223532	0.0022365623654887774	-0.0401636862479786	0.014063304588701255	0.04524718404251712	-0.00988073522037245	-0.08246448663702906	-0.041952001112174155	0.002209187403908697	0.0002997863993534934	0.009098780963878597	0.08692716465737742	-0.03586385099190588	0.05285320100962825	0.004612768658089414	-0.0008973906431774677	0.001391154055978815	0.07501093665861608	0.006846936308593749	0.09366046703558167	-0.003555682323531482	0.004244730638614347	0.0046355196903910415	0.06096089633090173	0.09596841307777944	-0.005782368445900871	-0.05387494045640702	-0.0794258727962682	0.04949049636220583	0.007791956209604908	0.045478888610602626	-0.024359345933487517	0.02085100556333993	-0.006855523968906407	-0.02638308676917737	0.00015849848654863805	-0.014942558627037323	-0.03837332397037595	0.002225818294208393	0.007330324147342484	-0.03268894648630831	0.05816370305072229	0.1278524827924679	0.001572393303389244	0.002911911044322479	-0.021182181342434225	0.05421690901310262	0.02246790540401119	0.02087271618834543	0.05751120031514434	0.009164176617220203	0.010467977577472427	-0.0029917455402119794	0.003989518605064048	0.007338211875314251	0.0049445623893023885	0.0017318374295276192	0.00419697248676056	-0.012650965291909035	-0.006103892527740508	0.00910811843679834	0.03063706586890443	0.012856963784620564	-0.004866645744296657	0.0036921496244583098	-0.00861836893839486	0.03618251497466496	-0.038414601283990636	-0.050530135478745616	0.042690861970163974	-0.003081215084474224	0.0022763183380864367	-0.004240222485808023	0.021831843178441907	0.004183919230031876	-0.0029442495247474624	0.0003439827458940957	0.013490009760084213	-0.008574211870614495	0.06593185733585032	0.0765479078409095	0.003096698969279115	-0.037656722023010916	-0.0006938104325003056	-0.003982191516617781	-0.009055481817293074	0.00033178080769180824	-0.03951504546889429	-0.006209839985964766
0.07025038731913594	-0.027588630293073346	-0.017270339839062804	-0.04267352635561514	-0.03349514754461976	-0.010190774541357868	0.0161550328273762	-0.02943531048827284	-0.019267554776679404	-0.04157079421499511	0.0009152916798094638	-0.02030658379873283	-0.041565492765610994	-0.3234701627316189	-0.049040510569735365	0.04227572774494498	0.0020192446965227005	-3.4073974938389484e-05	0.008327280478133638	-0.012816033450384668	-0.07209635248315946	0.0025001777658050194	-0.061046638667514	0.03382151655587457	-0.06898105644749278	-0.004026675392975152	-0.04283187961071436	-0.01867977017472392	-0.0004993254315815804	0.006139161236583891	-0.020640905263911536	-0.048909656480887305	-0.05504005325468581	0.010750507550683339	-0.0022704254739850153	0.00033777651800926057	0.0014589298219696988	-0.004012934859845629	0.020581934197786294	-0.020015845661634574	0.03407248696043398	-0.04345426815456485	0.021410867860104495	0.06788393461305726	-0.13203992369040138	-0.003744117004330014	-0.01008317364489499	0.029535002789666306	0.10268083914648363	0.007067927421611085	-0.03976364699724121	-0.005815705430734126	-0.006655186884123035	0.0020092382095397076	-0.022663441426993215	0.0015314505754940083	-0.0213619903745322	-0.05173509102572202	0.009904739881851851	0.004215677545574764	0.002590714667144332	-0.12732719662309414	0.022126227217215733	-0.007677326704404053	0.044221796435790516	0.025074195017292498	-0.11832272423372146	-0.03480091182098179	-0.037883389064587866	-0.09905194481625261	-0.01816576822782115	-0.01996877386536206	-0.008716406881216431	-0.0015868176147993485	-0.004818909790990448	-0.011136373478954973	0.0009771714757924608	-0.07328934563362931	-0.0008359181300082101	0.003306965635990588	-0.004572433521659071	-0.00019151925514578725	-0.009622573666305272	-0.04031444421601849	0.006518005929250822	-0.01598736551074715	-0.03650696633446948	0.009776886369503744	-0.030625956877984282	0.09967915312682193	0.13192116114001304	-0.024471081477251334	0.010341871141595706	-0.0073251554486111975	0.0059665327453802715	0.002881972506911074	8.626559863771784e-05	0.0027840959084399976	-0.030824632607730995	0.053315560697706044	0.0256813942674635	0.015745778579214827	-0.005717560422613935	0.0001243682331343956	-0.004054492092062457	0.017578288233568905	0.00033178080769180824	0.02127733217555846	-0.006209839985964766
-0.13312028587354657	-0.014083913517567145	0.003918461403386291	0.008458892986217836	-0.04120755663512282	-0.00646546084529718	0.0014514905913587625	0.033164625746561635	-0.0102064412877321	0.01141712210585325	0.008893537724148306	-0.0004917335040915646	0.019670158220616192	-0.0894951778029491	0.005294063462636244	-0.022721224217136092	-0.0007283392867691095	-0.0014565886157568788	0.0016023722000297256	-0.006818743376478585	-0.018251539480565362	0.001650499084490151	-0.008830168376277883	-0.029305740561945664	0.0018849169557134077	0.0014849655285050485	-0.12830890426644526	-0.0437275689920412	0.0008273653558928654	0.0006516130373264113	0.02965783123437498	-0.060024328069974896	0.016101431325752737	-0.0299388987597154	0.013559454387314342	0.003992995531397838	0.022033346992945468	0.03874771048763623	0.013550243582213857	-0.06997849051148262	-0.021894188904708522	-0.0244191798581184	0.004619222313901074	-0.004574480946096356	0.0036451648464356323	0.006372299918281507	-0.026009576871183628	-0.008498804400386114	-0.09292374463506893	0.012069363202355233	0.03486434398915368	-0.0044613830951037055	0.008113125544121217	0.0016640213845224299	-0.013261256660353061	0.0006602595868616424	0.022337152458533623	-0.013041850916611473	0.0009436702273350416	0.005896454142498185	0.002455104028382746	0.016929060899056277	0.017009737373452544	0.007806625206216402	-0.012394528795675644	-0.045248115772755	0.005789801473201712	0.010517078941195471	0.007839449238340629	0.01578116622957983	0.007255821818737454	0.013840862401596156	-0.005527829831343923	0.0023872885511088274	0.011129381954653302	-0.0007245396481883218	0.0011799899078942984	0.06844007404515617	-0.009819243200216012	-0.015500007245873151	-0.0006780214788506243	-0.03781777760431677	0.029223455641553094	0.03405869362645072	0.012150030100323889	-0.02520952140836609	-0.010330660528599314	0.0285715087672982	0.07883268110478019	-0.045779106349998856	-0.0579555134973887	-0.0003525310860848477	0.004582347209044781	-0.01796076337050336	-0.005128394935617435	-0.006749313016401313	0.0008418630642632082	-0.003841074733782495	-0.040605903211630726	-0.06637478891805983	-0.05764155309982525	0.02367740184894202	0.020270615300831154	-0.0008421687026159036	0.0024900936010159368	0.017578288233568905	0.00033178080769180824	0.02127733217555846	-0.006209839985964766
-0.08354997527819012	-0.12004758561764765	-0.02786947570913193	0.054245263331282316	-0.029403501212659146	-0.009140985412928135	-0.01124805388213376	0.04675299545437566	-0.005039377590618114	-0.056029639144089614	0.000280889795596687	0.03551540419011858	0.05052024394509456	-0.09759840117769948	-0.01124245784854078	0.019623580980797264	0.0007670085319201794	0.0025674725149251775	0.004973082518964483	-0.018650031033654587	-0.046259887118389256	0.003432982670413067	-0.060612438389876	-0.04125060714401512	0.0013324194107737946	0.005235982972639125	0.014930581661167437	-0.07551269214259304	0.0013366657847060522	-0.002044250269972582	0.050387449169891775	-0.1156612669444446	0.043557519005495676	-0.009616170105512628	-0.007338397480146868	0.008790384053010717	0.018089552294691353	-0.09073629951204529	0.011538288599194887	-0.019853472241269196	0.03943521411371948	-0.01992891947707559	0.008914374323635878	-0.047897389142575596	0.07758388701127998	-0.0002884136557397309	-0.02118108736930175	-0.03995498394345524	-0.1141398292232276	0.006787236821161769	-0.029615434944431914	0.019542157538020983	-0.022719834316036316	0.002811946301961367	-0.020336623734156952	0.004201344293816322	0.060223684503958645	-0.05800342204825362	0.025988167276921957	0.0042687276260532335	0.002185255980309544	0.027480707353471814	-0.0924032772113284	-0.008944769528616598	-0.010270590178008143	-0.044314614625914274	-0.021497140127109383	0.01253420583057397	0.03217242759946395	0.04520054435294203	0.006226548496656454	0.009180550915925312	-0.006725617781806253	0.00024407643679749772	0.0015293914054507775	0.010722118404372835	0.0028520589344513425	0.07329185496050643	0.007910891172772171	-0.009090674392719796	0.0007848869135978201	0.017738631391199522	0.039699973063998646	-0.07206800676274502	-0.00511448846208875	-0.004154616863900994	-0.03697604318417445	-0.021962750678769946	0.01601972954012881	0.0349103474183442	0.1385509869607916	-0.023064009617493806	0.02007650700115837	0.018851000877562113	-0.0023481229295445206	0.0016519335105160673	-0.00037876127119112525	-0.005775807545950704	-0.011991332468207142	-0.048242966707781894	-0.052444848496303896	-0.014806759830289142	-0.008159665082180134	-0.0010058172119988562	0.007153872693885734	-0.009055481817293074	0.00033178080769180824	0.02127733217555846	0.030318630519710326
-0.3175739806152636	-0.1589004401866298	-0.018566325871292998	0.05337376178011295	-0.010344334296301409	-0.021016603052958414	-0.012161903033037729	0.042333140264789286	-0.006773758029589651	0.054922143652714986	0.005470502944417486	-0.03317124116474586	-0.04111160892428878	-0.2749104916030142	-0.16063778260538988	0.008711477673017467	-0.00951502921524257	0.0037312000864142434	0.006120538588933406	-0.07728398680691415	0.07385885995280504	0.0014698177111112107	0.14606163135993402	0.022725139521364443	0.02108671575669123	0.006081771678962953	-0.10091338162114621	-0.1100056293769586	0.0011637498640727358	-0.0005428210471677817	0.019262260912478176	-0.09600669235490435	0.1240097747874663	-0.017414193470649368	0.008885107288645664	3.715118986841391e-05	0.02041581285205652	-0.24364555804794819	0.028415387547468734	0.0015241379007478032	-0.042568933771767674	-0.07023647783848844	-0.04730345043101043	-0.058356496905292786	0.028181928125953683	0.002422564646958561	-0.049803637699936495	-0.04982969112485058	-0.09703624841167707	0.00951059518388562	0.02485922097056378	0.015107352860103295	-0.009564541474676386	0.017146675497971168	-0.020286336726707908	0.0018266442471962933	0.004032698831261221	-0.09343521509601815	0.011348523245265833	-0.0032348126732085524	0.003918490715904902	-0.09336978552778878	0.015278212382569682	-0.03672229002188157	0.0071158711310503366	0.07021215870853462	-0.08532641900256786	-0.034258724834311444	-0.0780733236140933	-0.08857504612038403	-0.02006469934307889	-0.03772965791426714	0.01807874360672897	0.00013166777067694844	0.0023381700886846175	-0.017008425279787763	-0.0004641880504718344	-0.041154026220024315	0.012933235803840785	0.023633666790753623	-0.00839829427034949	-0.007245937577369272	-0.012991968743739361	-0.004020102760740541	0.0022166804492853532	-0.007176197705054391	-0.013802500577637081	0.024954366355716268	0.2085092941735399	-0.04831289487565293	-0.0056234680750038265	-0.04228768155481459	0.008933580823551664	-0.017057155256109086	-0.0047531223033941946	0.012742518386381952	-0.0010605123072312459	-0.011686785475679586	-0.008877994299786581	0.09254999178305771	-0.07291011330644975	-0.008371564463307285	0.004015936162522108	-0.0007211470364920894	-0.014217697228294498	-0.009055481817293074	0.00033178080769180824	-0.03951504546889429	-0.006209839985964766
-0.05423325259320513	-0.09931184186120685	0.019434410738167766	0.05133316933562762	0.05173488082436416	0.02724334380622833	-0.015799695006117314	0.009158706678082822	-0.01881203243464987	-0.01783237051379054	-0.006396866822561748	0.009387159017816282	0.07244085109859145	-0.18172892624894182	-0.19520940306007756	-0.007741677205154583	-0.013297631522547287	-0.0006747200784844468	0.008379307112159595	0.0784447839215631	0.058154590343646576	-0.0008859767337211518	0.04742271564154847	0.04519788842979291	0.09215525173426838	0.004538350384523399	-0.045801622923431054	-0.09883445776312491	0.0011657089751927014	-0.004171606485789341	0.04730519879933874	0.024787018777677545	0.14692299268399334	-0.011071379130410336	-0.00603772016986117	0.018309801274468223	0.0021284497421950738	0.10712656499285532	0.003101756838505603	0.042876397698223226	-0.09036167215204899	-0.0907129027605573	-0.00025425803943108344	-0.03179271519962798	-0.002175033664573268	-0.007450262544291238	0.023600235188993898	-0.04910510373767812	-0.09848294622028289	0.03767556970091547	-0.2052111073649023	-0.10355165843955642	0.003675067137575847	-0.003958859215960598	-0.0958651634718124	0.001602706775649381	0.1228403041856577	-0.09614435147322402	0.01080688434416757	-0.00033665482798605226	0.013826221850639682	-0.10028547610959805	0.5097725073557774	-0.04612398833457307	0.1071176171976442	0.025201042917087364	-0.06765073065693654	-0.03785689215333094	-0.1018460862965093	-0.12037958956182279	-0.03777297748974912	-0.03935264538014202	0.014576349609847739	-0.015306108829202891	-0.008022581624385933	-0.02171321271239203	-0.00720317676126246	-0.11939527356427129	-0.04934865617645901	0.029236816819061005	0.005951000393227678	0.0019404867617614293	-0.0019448420456647595	0.0313719560956394	0.0029285947448690498	0.012646307918999025	-0.005104256592115547	0.03473753666476636	-0.018877684163535524	-0.026566524157022223	-0.01917546466240117	-0.02755189881394186	-0.005748510641337932	0.006116402414074465	-0.009120204576816116	0.008546554206953468	-0.0014209689711903715	-0.006033477816705641	-0.010682089237775947	-0.06949161866469458	-0.20519793110987225	-0.005903336120433366	0.02980869836645827	-0.00240303241268624	-0.006905725568632178	-0.009055481817293074	0.00033178080769180824	-0.03951504546889429	-0.006209839985964766
0.018571354191773044	-0.11644953948080528	0.039728990051393194	0.0558801177635972	0.011346413527680862	-0.08025891208458971	-0.019266502378292607	0.04828408378266532	-0.0053420851450978616	0.04081014261244368	0.011036149872602798	-0.00845715995277584	-0.09500653225597346	0.06975406589608317	0.007634053634929467	-0.036985856550998154	-0.0061797741266225005	-0.001382195541790214	0.01064838137731473	-0.05360931147088322	-0.03817276529310635	-0.004156166238852741	0.0009754362087664295	-0.005609389342804983	0.061257143042286785	0.002804034418414967	0.026938730994692833	-0.09241494433087397	0.0012864123438465396	-0.0011618125164920246	0.007294518279304637	-0.004644356443313336	0.03238761320576583	0.0500051554250917	-0.00494087533797626	-0.004921536162768037	-0.018535571608287144	-0.10902014180397505	0.02092990351420532	-0.020635763788146043	-0.04798233513526441	-0.04880102421146794	-0.017691080920866735	-0.03402282347193124	0.006000566480246865	0.006231341070039161	-0.05171985784709771	-0.04094427848467876	-0.10844258297413895	0.01673105859119032	-0.2052111073649023	-0.10355165843955642	-0.0031609875405326426	0.022405839725464664	-0.00848335639096278	0.003415032023030953	0.21208467693241745	-0.04555294162823609	0.028682973270899897	-0.004951808669324028	-0.0033420643404922195	0.006241913507956933	-0.03260778853705605	-0.003860385404082963	-0.017673848816969373	0.05321549795308833	0.06727491322652941	0.01941622016493279	0.033041608875545296	0.044175029143675576	0.001701193621960338	0.012333709783687374	-0.010622947503101979	-0.006998971137979453	0.006310136699244177	-0.003618118251669009	0.0015964398177825867	0.029435982359326568	0.02732282948955682	0.006650883521907248	0.005891057619636298	0.007525067308038586	-0.05992212727234388	-0.004110204570624234	-0.005480747957861444	0.002916868673998422	-0.028264273614352298	0.016660624262526184	0.09957543516687438	0.03585496989847221	0.029105522678991004	0.037504051364003886	-0.002847468779978798	-0.006899412669986904	0.0029968470531406984	0.0019439513552382407	-0.0008551694549064001	0.0028414492663341394	0.001576732478947694	-0.049173087399750404	-0.00451210364704429	-0.023001084060013548	0.041829448293123725	-0.0011957190382374608	-0.0057070203557672014	0.017578288233568905	0.00033178080769180824	0.02127733217555846	-0.006209839985964766
-0.034765346953983124	0.018842262749399447	0.007317794574389242	0.02174974523174497	-0.039098234987738185	-0.025760526439839122	0.0006457327269478891	0.02660409052608067	-0.027141355099962988	0.048949664132099904	0.013417842131675704	-0.025001413249796125	-0.04019702833874809	0.1465554669586239	-0.0012908117551957935	0.14814539229067936	-0.008655281444801655	-0.0002339685374588174	-0.0016740344504188691	-0.02796504857217163	0.02610862810969187	-0.0031725971843692903	0.04520837397863347	0.036832401640655675	0.050630561717887566	0.0014002348441153564	-0.028394701912969	-0.044186902349402445	0.001315828856398194	0.004604257963660877	0.010880400308418326	-0.00376603234134457	0.05695125216113364	-0.01861493465468996	0.0015647627056794976	0.01756301366529318	0.005301794512707779	-0.01891857169851263	0.013522992825851753	-0.007149058762599008	0.12148064727723837	-0.031287110577106717	-0.025020783883123177	-0.0097958541113354	0.06485927375326299	-0.005693763041422658	0.022732914546681682	-0.03794183963967429	-0.08226345097300815	-0.03102931915905386	-0.2052111073649023	-0.10355165843955642	-0.016728046573314042	0.0013098080233679347	0.22718024665696354	0.0003010895821757464	0.004572278298316945	-0.04754954665050638	0.030405158810825072	-0.005731516387866496	0.013484814844000607	0.04365097767573734	-0.014770670723834665	0.0022285159090368076	-0.007627811918543813	0.0062498439156891605	0.06823611615784575	0.019288774503829542	0.029792506608028912	0.03847431913206779	0.009399263892226227	0.021821672688450457	-0.01815915445569925	0.000551865444320361	-0.005986874791720063	-0.0005477797118490803	0.0001299957847783249	0.056030034335835116	0.03458810528585988	-0.009844824071828009	-0.0038543958501516054	-0.0005170441219078097	-0.05992212727234388	-0.10604559706734315	0.00195514967772089	0.02010414582767103	-0.04449801468533602	0.022592065211128103	-0.04236498738782025	0.12688044445542399	0.0006794590799014641	0.005671058628476742	0.00898425230340512	0.0033324179850638433	-0.003343911782313487	0.004437601460516051	0.00010712456189356088	0.0032802941880024474	0.02650371621208462	-0.06812640630770089	-0.021523824971653335	-0.016042483259945194	0.05973653175773033	0.0013847007438757668	-0.0005054530250232229	0.017578288233568905	0.00033178080769180824	0.02127733217555846	-0.006209839985964766
0.025548387155184645	-0.013999565097914423	-0.06597882472501031	-0.004399761657463411	0.01308050889695867	-0.052178483571454576	0.0012599566730152072	0.003906872964964646	-0.02145716268661091	0.00935304302016341	0.00041574338526890163	0.006966060023297107	-0.02119725158724322	0.09347224112237225	0.30499446823355225	-0.029568374636269976	0.0062622074690986745	0.0005347766178784691	0.014030635903595821	-0.05407142736077284	-0.01919367671457695	0.00759877740629506	-0.01827960328108644	-0.049028649314792457	0.05047384222572695	0.0004827500484333139	0.0015434446237221596	0.0036853601386881477	0.0004934310790872704	0.001257776806300797	0.013023987524963287	-0.029859457270898414	-0.04998145565568874	-0.030748132186761604	0.0005211099456675989	0.0215800536558099	0.0025043261557128947	-0.06489431990868948	-0.007817549489860166	0.06295823480065044	0.01810880096770801	-0.06239499066360136	-0.012075014062481312	0.007240256638023231	0.0686011696806732	-0.010067662649906996	0.038788527173451506	-0.007187075480045311	-0.05907616893350216	0.004206378126028795	0.04042988097237965	-0.01838461517296245	0.008667245500600084	0.005893975357338898	-0.02428850280283428	-0.0005795329763105677	0.04416678434609932	-0.04526564895680752	0.006612445510496065	-0.0018259893578957513	0.004934306285611219	0.03175686670839798	0.02506119293133728	0.0013693019009687383	0.01573606768768828	0.011209349708313845	0.019788448273494828	0.015376972713347177	0.00990651732856364	0.04368152251560823	0.004397511509958106	0.017160156662381378	-0.009701480360675491	0.012097710741339269	0.0001124945782891721	0.00031173382041868337	0.003004134013223371	0.021268062895489822	-0.002274239613759248	-0.0016455222567593726	-0.0021645444078975218	0.02912923676020244	0.05374789317743299	-0.08128905155598978	-0.018112314685799637	0.03776858687997383	0.014941136267033896	0.022567643778901934	0.035035125918833836	0.05680708601860306	0.02252102441565509	0.030676044333316936	-0.01463045432930995	0.00844386710195667	0.002108211168234833	0.002152043203459566	0.00027300949224099585	0.00132841484414206	0.009996293545765913	0.05597614195819641	-0.09721671454340677	0.04217573349008284	0.06475186269515604	0.01655217355241752	0.05390334952429278	0.017578288233568905	0.00033178080769180824	0.02127733217555846	-0.006209839985964766
0.07593189911942821	0.13392218439788686	0.025675875679421145	-0.043398774274463287	-0.14307844310896228	0.0798619994527106	0.014497044856377641	-0.027597968959849107	-0.024042777121545258	0.027308226899032017	0.005998431426570846	-0.01510473916363532	-0.14507027221380586	-0.27476095953205487	0.040614417155067	-0.03889715863709298	0.0069372939437912584	-0.00326717759330253	-0.004707993129882965	0.020214983791473413	0.18340369043976357	-0.0036689358988354678	0.19024915528667258	-0.07444072362437024	-0.03663860412049977	-0.005350021276090606	-0.06259924716798072	0.03464890958924238	-0.0013836567934306	0.002688211896647447	-0.005096118500869285	0.01807641094133591	-0.04844435694805996	0.008612876606506786	0.004560606515913356	0.006683964454051433	0.03427143608107911	-0.041261726821931737	-0.05986985464102058	-0.12217548047625344	0.027317468261964704	-0.032271030368661406	0.017642318857927677	0.08789764103272446	-0.10234102717099232	-0.01119377412899683	-0.044250025840057196	0.048449304588123764	0.051701295815221864	0.0020186364442849303	0.03488136914982953	-0.04312291138802037	-0.023564831823315632	-0.0063298557418569375	-0.025221395533545243	-0.0009013434130289868	0.036812314377926446	-0.05878574155497539	0.004843978601172395	0.0013543338534143172	-0.013185031393622404	-0.03741669183474335	-0.024770123326440782	0.051981350450558426	-0.04586107563404706	0.03622112885798275	-0.06560002031300494	-0.06629227471416355	-0.005705496823449681	0.012092922361529078	0.0025440097936425053	0.010079781567976006	-0.0051795613600517125	0.008064122137658461	0.011183456711114913	-0.008681504810593139	-0.0002976497323741191	-0.24751914690181173	0.007979573076063116	0.016249090522950278	0.003347231360517993	-0.03781777760431677	-0.05992212727234388	0.005643732166108599	0.00216920524816552	0.014223971643634304	0.013972199069620017	-0.055844809428305775	-0.02578084270489627	-0.027543399234907447	-0.08682124604698171	-0.03112788297676357	0.00617165987147923	-0.0075697613771114865	0.008708553988947257	-0.0022358775284205563	-0.0019827731504654237	0.0004058787020003997	0.001841146857448243	0.008328725747562786	0.16126743169465924	-0.00469298199078172	-0.006878360091287836	-0.003421974924653446	-0.013561632296924503	-0.009055481817293074	0.00033178080769180824	-0.03951504546889429	-0.006209839985964766
0.051083851864706833	-0.059436436059397565	-0.009541252016160916	-0.0018640516980281308	0.009365324982033475	-0.03482247703930308	-0.001029604253189149	0.004855512244233343	-0.003926247297206089	0.00037782850416273535	-0.008110691544512291	-0.020026580130164263	-0.14250800802262126	-0.14454665128057873	0.06487850903289893	-0.18854549134380122	-0.005769461316448989	0.001866181665481273	0.019394150274794665	-0.008222074939998483	-0.040841633400759934	0.0018475151399920712	-0.010117630856537252	-0.05697310682814837	0.018887459055195774	-0.002297434320554744	-0.04068321363782537	0.09092390182848419	7.251284559380482e-05	0.00045697927970436843	0.005113114314937582	0.0022493435643381786	-0.0047384012813012945	0.03611706658303331	0.002630492154619421	0.00670163660858159	0.0003501161133847317	0.05360395256963459	0.010492548044355648	0.0723595022776116	0.014281323727532847	-0.035988848690869525	0.023637879491432884	0.020357455691499677	-0.022481817313714614	-0.0017613282202685186	-0.02455354188197571	0.02171644880562521	-0.021056844616887636	0.01028960203715691	0.008955693544822478	-0.10355165843955642	0.006433729283939387	-0.0009104266197535842	-0.02400219611776449	0.0014407513910478567	0.029639251036667577	-0.03115090031468391	0.026492705154520763	-0.0014871796750476536	-0.0033727207905240755	-0.03246371461950076	-0.12603993763672755	0.025931515150997786	0.006342611402743135	-0.028164191582711388	-0.017841813274803345	0.006392255659430856	-0.001513295252164848	0.029468148476154015	0.0008431195994304526	0.0060117117705986945	-0.004490469970761231	0.0005967431353981763	0.010359717638064052	0.019503302108452816	0.0022537998718266286	-0.012261920086647676	-0.12792610250054898	0.020450660018666873	-0.00497843198643474	-0.03781777760431677	0.03210778132852322	-0.1945771563016303	0.0008733420514739175	-0.07107478746998883	-0.033737371745333984	-0.017698742052118525	0.03629571222847677	0.0021677235686664055	0.0110562591815739	-0.0321545319074177	-0.002248509063366478	0.03786457949447801	0.006057367575169227	-0.0024517371901468087	0.0006591863212467655	-0.0016327128190033056	-0.00801384774999052	-0.03263332260226281	0.13050565050909826	-0.0007358894164884023	0.011296335413005794	0.00026576351130871696	-0.0019739613436750903	-0.009055481817293074	0.00033178080769180824	-0.03951504546889429	-0.006209839985964766
0.025970878340816603	-0.06938579251565184	-0.044953041043876575	0.010701666504527597	0.09441160632413417	0.026314154291113927	-0.02469525140707072	-0.00880161472483172	0.004452899054426691	0.04814396691813488	0.013951940799104666	0.046870878865534406	0.03601479547584339	-0.03322973400254451	0.0015174567280215262	-0.16940859362756658	0.017811824925029505	-0.0037940133389891364	0.0007258019686051028	0.006399784840620627	-0.07594230256052778	0.005082882010315452	-0.24391829838971887	0.032339851099963256	-0.034576881029670506	0.0013820301006293543	0.3816629147935055	-0.16637342332948102	0.003409426483063148	-0.013803140730708057	0.031083457453399584	0.0073755623547281995	-0.04173738544375632	0.017779101594569354	0.0013407878655176681	0.00507887293321577	0.0058784201798079425	0.013736517537552898	-0.12755856087557293	0.03490604957244669	0.02577697601061111	0.012099469437393234	-0.009557456060393916	0.004109443810717815	0.15984719705464068	-0.010232119543704893	-0.008222518806069246	-0.11369676449788282	0.13903472637977893	-0.0003249888427403019	-0.0317854315352428	0.007872636617136455	-0.05580867899021182	0.0027133173935144613	-0.008916899171256838	-0.0015398620840379967	0.03842437010157595	-0.0581148971854035	-0.004352943965813094	0.009635409306306488	-0.003492921146246392	-0.03810124467150459	0.0027494300405436	0.02362590353956338	0.07720936173762305	-0.09394108544775645	0.08650325525876938	-0.01069493306474746	-0.0038687978682250285	0.07706764178277568	0.0071558086915728125	0.020963808838873905	0.009407373615851734	0.005488952911734812	-0.007832641389861832	0.018855263443611926	-0.0010160757926679467	-0.07186383527781616	-0.014526387447989677	-0.01852921985948053	0.009443719935026207	-0.03781777760431677	0.01833610522418386	0.09762654901729262	-0.0031100601246398045	0.03041604294166837	-0.02634541762992097	0.028877443529632715	-0.021662563286915727	-0.029623987537964726	0.040696517697059884	-0.03880051748374719	-0.007613045435621085	-0.0017130800092749678	-0.0034321545802132648	0.005631013459844525	-0.000582362610420431	0.0028499565310605734	-0.006341304780264812	0.01096575764929403	-0.1409018358949446	-0.01656526494897659	0.013799522504442122	-0.0036427029812349148	-0.010169513692081118	-0.009055481817293074	-0.002038082104392536	0.02127733217555846	-0.006209839985964766
-0.02145796701906164	-0.09188083931958922	-0.03154332946893774	0.04625849895798642	0.06312662198382593	-0.0016127025582536561	-0.004465588579486579	0.0414602246045529	-0.011014684924978096	0.06662916249949698	0.01599875627395779	-0.01241013836128179	-0.023880117801169158	-0.3576419028131803	0.022621982006685686	0.0029020052679712264	0.013775506637835513	-0.0025320953690346755	0.0009759270455708787	-0.020490790662785727	-0.04913258729472602	0.0032506155347845835	-0.05819722707506292	0.01673089981301696	-0.040583794741534486	0.0035223580376712578	-0.010931047187460033	-0.0366523388771359	0.0010169705295144011	0.00529018792322059	-0.007821526031513032	-0.11338076477945212	-0.09908874481808663	-0.060475799947503676	0.003927119657635853	0.00020023607478601268	6.795782096494067e-05	-0.35486477911441233	0.020605077898362523	0.006365538819256343	-0.05794218167103874	0.002669314168972589	0.0057545751728647135	-0.021351516291243013	-0.019686117500499506	-0.004842166327894382	0.0744002868905745	-0.042631716779718776	0.007053163174837636	0.002985563599419606	0.013735311573015725	0.008290916350975713	0.009147996667216527	0.024874196116975895	-0.08158513587654533	-0.00012556135589215835	0.0313709883317715	-0.03889576126566085	-0.026921232916069997	-0.005600323780674798	-0.005933751993886229	-0.02207661607639574	0.03425599146426622	-0.014903712105141584	-0.008017685198525668	0.03220151879813696	0.02246266566410649	0.005206408397038449	0.005509411170666208	-0.006985342108388063	-0.0024060670816811267	0.0009018262259923753	-0.008824428931005256	0.003976946569097528	-0.0031098927587918696	-0.002113603318439919	-0.0007022314359781002	-0.01714719960631001	0.0004547983157660618	0.0013223321651950192	0.0003655006353274636	-0.005695805295871055	-0.007234024441452268	0.014048966084489925	0.0015212196520910798	-0.023227142905831468	0.012688379700305853	0.00739480971570071	-0.0674049938232436	-0.1534393761868867	-0.028345469066192144	-0.03438721613881648	-0.026950609416889076	0.04429646349904855	-0.001838312397837354	0.0006800793970344091	0.0006931290556170359	0.0044910405541677394	-0.03111816692377075	-0.005029144291518952	0.17670659886613455	-0.012885439040044237	0.025582970436078257	-0.003795807191242742	-0.02206533204871625	-0.009055481817293074	-0.002038082104392536	0.02127733217555846	-0.006209839985964766
0.20304533110292655	-0.0544450327227588	-0.04711094981107697	0.006943882528622125	0.034521934248996716	-0.007475361241396912	-0.01644811849539765	-0.011715093901485146	0.0033975230405335686	-0.01993174739955849	0.0029441435084214566	0.0283700130757692	0.04360055789799062	0.047114899480047656	0.06555404501635195	-0.16276783927030491	-0.002750761128146315	0.000713544969345117	0.005588460824633794	-0.042704495030625435	-0.044939827342673745	0.005497017132697351	-0.029389602857008673	-0.10638695981774911	-0.018835156735996596	0.0015227703291582615	-0.02935960823196181	-0.002442025259702398	0.00033237920587919043	-0.0027906439836023504	0.00863756676017622	0.01738581918839085	-0.021287547839563777	0.03084991662684845	-0.002057017793741758	0.01993663473402154	0.011223471976549859	0.025302581061968435	0.013477158100445552	-0.002625436689296911	-0.034331413938002556	-0.007709899853960976	-0.03958370319093291	-0.005767840674436161	0.0070198399455688645	-0.0010997736112313779	-0.014521826769392657	-0.02564157845165789	0.017782532128715632	0.0029253884008589074	-0.020714963066781892	-0.025743323942256358	0.02996404198369908	-0.006919892035717037	-0.027220130661255542	-0.0001587070143923615	0.001869194030920307	-0.05516572400476756	-0.01832945646645224	-0.002443520624153175	-1.3778325802631548e-05	0.03607073725237248	0.1095132922175583	0.010873632264267734	-0.02807005187407333	0.004100062730546675	-0.034474594668397716	-0.0032234215496983803	0.042323441622366474	0.039068472074756756	0.01039909350357645	0.014243791071900982	-0.010655172739721788	0.006178123560086391	-0.00011458631330732147	0.0004655155485810613	-0.0017382068576777005	0.044550402875997326	-0.013649784513562458	-0.015007182144405825	-0.00019757159867013415	0.007969488144073746	0.03704456479651039	0.0075448437521037194	0.005752634075027639	0.0071036576066060755	-0.07281411337072673	0.04216381723128995	-0.05882725478351286	-0.12060873550385458	-0.03395025921765588	-0.03365759859439074	-0.0009826659505064723	0.03914388648053811	-0.004777904460719328	0.002869396451503278	0.00028226882158013917	0.0006993091424720862	-0.00956086500557348	0.036562051845691626	-0.06712909532464743	-0.036289379010928116	0.013357977927091027	-0.0008727995807127776	0.002239541218135222	-0.009055481817293074	-0.002038082104392536	0.02127733217555846	-0.006209839985964766
-0.11744114878984448	-0.11469063046876647	-0.07933389504400805	0.03952145876939498	0.03271378904132556	-0.007840033624887154	-0.0044351540293793845	0.019443344983072382	0.0025904192840090416	0.01894943151347515	-0.004538413473866623	0.0034583852853487126	0.04957779828738956	-0.20182137570407888	-0.00824743748317816	0.05272327010694874	0.001572887609498274	0.002527121138261646	0.002524972110840331	-0.08538054276565306	0.06009817547246099	0.009463614635099359	0.0770569353765756	0.12040440559816627	0.0574192563795475	0.006399331024560538	-0.0010022618351262398	-0.020838367213416	0.0006765324605278681	0.00402220026598494	-0.00015061837930587288	-0.05246667810734541	-0.004472290553785329	0.0015335408342315054	-0.0021126709718382614	0.026597462385378485	0.004098465346979438	-0.0986716204628807	-0.0008130983849276968	-0.05471472648233253	0.03782017221466354	0.016659583969914786	0.01134306340311922	-0.041077902006605924	0.1431262019582096	0.003971059114089022	-0.04940060815959095	-0.02492650648221184	-0.03551767529792267	-0.004452915471034964	-0.013095742047480343	0.026899900393049268	-0.010735285117948298	-0.013835262337574776	-0.02239592558090543	0.00147609528305948	0.0410582344572286	-0.02911609701465646	-0.0022458261035359886	-0.0071769097844765675	-0.004576281887030244	0.12205489782989304	-0.03742116017018304	-0.028921385015996257	0.04467534453225079	-0.0172627991599082	0.020086693498954818	0.03841034747629925	0.08577082985171963	0.09743361835601705	0.024918332989755265	0.03550390038185365	0.0005815483816461622	0.00743538091668327	-0.01537348972317155	0.024975398663456973	0.0021267646725350985	0.13989550111824867	-0.009975762688351571	-0.023159548050241337	0.0008854967806519688	0.0272072950985189	0.05508533206868479	0.03242687158022352	-0.003321277181965728	0.021892726924784917	0.050587047686845264	0.003229140240907959	0.06730356817393342	0.03239493633054425	-0.007748404323273157	-0.0039469633795368945	-0.0004463004031222899	0.036748492582329484	0.005780346613277973	-8.73248886804494e-05	0.00039752819632406835	0.0026178091677054394	0.012609239293036915	-0.07477922335585378	-0.007524571749544447	0.014157187432235886	-0.029005619335524438	0.0014735032905648106	0.010260305579218094	0.017578288233568905	0.00033178080769180824	0.02127733217555846	-0.006209839985964766
0.13534154769348938	0.11551113049891193	-0.07438380269791098	-0.008511367225636723	-0.004074039558345328	0.020143597706465118	-0.0061816305885826536	0.00727551307720162	-0.031590964391849136	-0.010328919660744349	-0.005699958423040872	-0.012662023328147927	-0.058025649793071364	-0.04756231012820284	-0.012091880229852723	-0.14907800317883727	-0.0028693890132082686	-0.0022138404353240493	0.023711902607172323	-0.08564519265401063	0.010431349328187622	0.0089512924650336	-0.03145795260857743	-0.00651489335780204	-0.03989384189749881	0.0010315837235745633	-0.10182517973887537	0.06304068792328454	-0.0010039272957955044	0.010890049584179032	0.008622978721593441	0.10582286441057953	0.04104311230750264	-0.0074532920970048315	0.0016245983345608618	-0.008705183958268312	0.0047880691556881115	0.100844831596713	0.010685178760338363	0.0265856479942411	-0.14041415900930548	-2.8468741387256338e-05	0.019842174177245406	0.022288088343427	-0.015550048081725096	-0.02139796005013403	0.12242677452533643	0.04832989919757654	-0.027529160371373	-0.03102931915905386	-0.2052111073649023	-0.10355165843955642	0.01631315088999503	-0.01010260540737004	-0.0476314048741012	-0.002831488877409956	0.20858273409642705	-0.0621206533741092	0.0054002198004119645	0.0007067521819012817	-0.03268894648630831	-0.013787465642696927	-0.1703422597654818	0.021412942434628573	-0.039845653342816485	0.04727932779737519	0.023187462025760847	-0.028084190335858124	0.015320851096127195	-0.05270215970514173	-0.006681299059788037	-0.014878165202464733	-0.019796353096999064	-0.0015495854242206252	0.011661220947096427	-0.018018738594861857	0.001593103072216888	-0.01109473172300492	-0.020783086473948945	-0.021068720746488547	0.001615667559097844	0.01509544130940843	0.012564771491186883	-0.053331811766925474	0.001594741820032161	-0.00015222705754859857	0.13893866114096062	-0.010517092789584575	-0.1608177584461661	-0.02656007587069566	-0.011094219112567236	-0.005742463944625995	0.025903528289840334	0.017065659166527365	0.00031484048270731107	-0.013808680286419626	-0.0007540779658980011	0.005497541895009362	0.05093384912105945	0.043370879907307834	0.22745170463988743	-0.0015930839626290745	-0.06294298982093961	-0.0010458844791174748	0.005147286492276272	-0.009055481817293074	0.00033178080769180824	-0.03951504546889429	-0.006209839985964766
-0.2117253177293485	-0.09453766214436561	-0.017655913818099413	0.023304943368193155	-0.0066138558225310815	0.020496179127624834	0.012134868187319231	0.036652123938116	0.009853453939929395	0.039771027076710194	0.008151464010087308	0.015618351838270284	0.011771736368145939	-0.2918486913840253	0.30499446823355225	-0.030186968903323296	-0.002790139537151873	-0.0001868796058054806	0.02069179559971341	0.15309312815378748	0.051740644802244995	0.0026051234221493194	0.07113334950966209	0.11921216214053766	-0.042749512955842346	0.006702961878529358	-0.08025993347614316	-0.07301203277469576	0.0020604140756203273	-0.0009658206513513401	0.020414099348935504	-0.09590387577243767	0.02406019479598905	-0.03866821785642521	0.009658147381390716	0.007507468796150889	0.017661197672422385	-0.17206563660257207	0.00426201943706481	-0.03993027792318084	0.0027167995071196334	0.05241427645278471	0.03198180573467017	-0.04730329423453699	0.02510839423604441	0.008461998237151923	0.02330776851901985	-0.07502696126639247	-0.09675422088545545	0.03253111730374285	-0.2052111073649023	-0.10355165843955642	-0.02321468162077877	0.0014680358802938887	-0.07305972559278204	0.0008918105035964217	0.07495221635481936	-0.09335702513711658	0.004904043343474559	0.006355223364403594	0.003604971158322213	-0.0725322893779682	-0.09244614213913004	0.052675223368778355	-0.0499283281880586	0.02715973355299241	0.07161130789379981	-0.042564299519273395	0.006432885301093326	-0.12083950324678684	-0.0066206045502228625	-0.05148640421908015	-0.027120100695048256	-0.006809728687594311	0.031357916619371	-0.01514625915453858	0.0009671902781976561	-0.24751914690181173	-0.03774891176557856	-0.0035996392288887165	-0.004627035194550762	-0.03781777760431677	0.002168575481073137	0.0546331095057362	0.0037205599014330567	-0.051958860361603985	-0.04804890453123813	-0.004576547893886591	0.0797594011281164	-0.06363218399795964	-0.036549449959135574	-0.03210989048488326	-0.022201038134700677	-0.015418477522413708	1.080619285816223e-05	0.02709098289143131	0.0003454871726035431	-0.007006329914393309	-0.043036323126905196	-0.17566123733979014	-0.05982590745178496	0.012398093923765067	0.023844862593415266	0.00025789584788080795	0.0044340237491368685	-0.009055481817293074	0.00033178080769180824	-0.03951504546889429	-0.006209839985964766
-0.05401870858539758	-0.05187313133184136	0.0710175136817863	0.0022629270351944945	0.032987953258971865	0.008530401777659855	-0.005363601979663941	0.02572236280520836	-0.0038040678574190216	-0.009233501473046975	-0.008519471100515203	0.022056134385688975	-0.07783626850084618	-0.23261263544503066	0.1162267439711096	-0.04629555044433727	-0.006100812116548782	-0.0011125084188642403	-0.016317196577087502	0.07600001926877456	0.00422912514675805	-0.00500517968739059	0.011603992533214817	0.03490013918396461	0.013232965102960138	0.00024678845571063856	-0.006548855878332587	0.018008788601620692	0.0006138484937135713	-0.000455944214668517	0.020749195443397688	-0.00022431654764999546	0.04481476038053086	-0.009827492171545429	0.005226306775836356	0.002316286022010631	0.015615292088763147	0.021044393330894858	0.020225298907163472	-0.033558808534926175	-0.014610178231854079	-0.005506279248810717	0.03105480624288739	0.009207500935284928	0.053318848031484255	0.011873583766315443	0.04018699639921458	-0.009566444058357517	-0.12242634859139787	-0.03102931915905386	0.1518882428417004	-0.10355165843955642	-0.0011856155299196003	-0.01114147737442934	-0.07871837383734191	-0.0001179350290112972	0.11364813200279614	-0.030250436316467046	0.02703168998832772	-0.006611362748898348	0.0033121865051272585	-0.04759864557447858	0.07829623445356348	0.04575880285426189	-0.03712968039977526	0.026539264802900704	0.02832019210973432	-0.024934160140781102	-0.011762678495926413	-0.026580267112588606	-0.0002675752277061624	-0.016765267882077738	-0.005592904906207761	0.0022120802788203695	0.00688776435359809	-0.008537521723273662	0.0022615367641039635	0.04816357685256139	-0.08053488009260087	0.003123110253866831	-0.003456736557430049	-0.03781777760431677	-0.05992212727234388	0.10203147206287666	-0.0015846536442714828	0.023560852064524896	0.04491874035860075	-0.005428578618552049	-0.059559391413504956	-0.0036632491633251966	-0.01027788445403695	-0.05084388252635832	0.016344130994071327	-0.013951402096506348	-0.005393237595690606	-0.0030381827153755808	0.0003466204508218975	0.0004963854437850637	0.010594463488390743	0.04928152761005554	-0.12369709633653782	0.003726987454287287	-0.006163589180448637	-0.0011274498153754629	-0.0039291935742208515	-0.009055481817293074	0.00033178080769180824	-0.03951504546889429	-0.006209839985964766
-0.19006770557303204	-0.07215896957048831	0.048726743911623085	0.03520185131266968	0.06404579300583102	-0.037960076084103525	-0.017926701868848288	0.012305685442536338	0.0003542305719118153	0.03753476458715177	0.0058843367994954295	-0.008066630618797806	0.07541760915104073	-0.18046957227575178	-0.0070998627354140935	-0.02073931066450571	0.016265448251334715	0.001642557071234641	-0.00012078695871330956	0.04974815512350647	0.020642772420470232	-0.0086352069844325	-0.014863351579845299	0.030775572937913807	0.030011411033265052	0.002477677109589634	0.026266317124050642	-0.041666745390689236	8.151580608297131e-05	-0.001962218553641363	0.021082131047182512	-0.0901124044045114	-0.03862213899745979	-0.03130859700394622	-0.0010321047586081395	0.010727623588391872	0.015261830959602714	-0.1990456933888805	-0.020200116437151368	0.07523361305481352	0.052108918801636914	-0.004627567706741423	0.039966258310008065	-0.03679751162306054	0.16451411150386888	-0.002671306789677101	-0.07363974310971214	-0.019500154393617367	-0.0476639412958492	0.005767376005954072	-0.013497625394881453	0.015666011843386476	0.024953780169441157	0.022408120827579415	-0.035881951375035075	7.365800773861222e-05	0.00393960729414926	-0.06578797188074664	-0.0026624336533524213	-0.0057865486600124265	0.0043533884090600295	0.014713052011960008	0.13348856915415122	0.010883455258281743	-0.010330852265340138	-0.0010325136919049384	0.07451000487887359	0.02305612678710416	0.003675678673521027	0.0014998092239203221	0.006705673544239038	-0.0034546747807386977	0.0024182446564489906	-0.0038763710092255405	-0.000836286808182171	0.015893698548191407	-0.0017509273647072774	0.07458320878013974	-0.013407059729241121	-0.010190262402100244	-0.0005482942932108987	-0.001854356753090328	0.023553886409267793	0.04218527070091549	-0.0009206491650414745	0.0077330111517800795	0.0728952070478781	0.014348606741708575	0.005600759238673856	-0.016620619528116245	-0.0012942179300972458	-0.008610438369964526	0.00821116387963239	-0.00430172172786141	-0.0005181906431793858	0.0033528596587095714	-0.0007856369760620026	-0.005884691575410389	0.005393873039922634	0.014313930325276983	0.055820820420079215	-0.010543364746612528	-0.0008756289356173628	-0.0001501384165650718	0.002891018049237241	-0.009055481817293074	-0.002038082104392536	0.02127733217555846	-0.006209839985964766
0.16925388290298723	0.10953051349841993	0.0042415309756489465	0.003317224270408947	0.030427344142728786	0.029891682489151215	-0.011072285358213824	0.018699634214911633	0.019041456860502595	0.025298287392881806	0.00014653918181342247	-0.012374732564423707	0.1416573173585798	0.2172615482149333	0.026413406589761927	-0.13265502185570152	-0.0061447978335845204	-0.0003488651064120538	-0.00592109246358983	0.060149646266807716	0.015383693695948681	-0.0010312801876234394	0.029256437530498485	0.03198070649383442	0.034042142197951424	0.0010284562133057638	-0.04104497792974324	-0.045279581058235395	0.00013772179692787546	0.010656206394998171	0.0190103477798374	-0.010665963570512154	0.050978326446786126	-0.0781073977558633	0.004444842655747943	0.001280570166195087	0.03384530177372871	0.04247426472063763	0.01346018138853379	0.07892218692503666	0.08552745123059492	0.009614799222611504	0.03694407429645088	-0.004324655651194467	0.008895598546457138	0.006747918556052709	-0.0012587081447891348	0.01055554515786918	-0.09753280385650331	-0.03102931915905386	0.13569529036938785	-0.10355165843955642	0.02197382790520008	-0.007161844668914362	-0.17819754471146548	-0.0033850471525684067	0.11915353204147518	-0.08169505247376377	0.00842619259210445	-0.0002695427121080443	-0.011275500193179489	0.08588301801395323	0.29045507938882537	-0.019987731840077887	0.0012439266491949214	-0.02937470200520197	0.09272372196606143	0.035208940419920585	0.05996379477130116	0.07973033920391213	0.012929872349442826	0.029485237137343624	0.010751207533085741	-0.0002970916308500104	-0.0029053742287380654	6.506712747001082e-05	-0.0038200086498933437	0.11531272818508004	-0.012396246384020893	0.0016226245960535633	0.00892698002601754	0.020643144250240084	0.04339855481657429	0.04943682944830053	0.0018901920474605895	-0.02067493827560467	0.06726311802140715	-0.016589081801061042	-0.10127076592842979	-0.029730509444100845	0.008311811612845943	-0.027365355078145352	0.0010072895767651935	0.0019271502641689919	0.004468382989892138	-0.0030520064250666172	-0.0009916147857651552	-0.005333573892836647	0.025486238651347835	0.10973487555295931	0.02712373662060491	-0.008294765849353567	-0.011497855018932426	-0.002239599306080923	0.006885038366362031	-0.009055481817293074	0.00033178080769180824	0.02127733217555846	0.030318630519710326
0.14395380429082696	0.03566945444745042	0.01822742926144931	0.003654737014960833	0.00679971847578812	-0.05784243046752659	-0.00444175064318917	-0.03561922443506024	-0.001060011724471101	0.045738982884633274	0.00699612705637949	0.03141060619574853	0.04773069392068573	0.10975863971180176	0.047363617283052405	0.05748853017555351	0.0069994818762714175	-0.004909886290422405	0.0005875298373115722	-0.09261497515839143	0.14197996523482379	-0.0010427050130845197	0.08354776653239837	-0.0225949555519529	0.023166539769674907	-0.005245887227522777	-0.016190867693315854	-0.04514003338751294	0.0007498626397932082	0.002871336985477603	0.027091505368154013	0.09297339786719488	0.03172431494127682	-0.023808019004489513	0.0070176584143452955	-0.010641515986664268	-0.006194053693252431	0.10755467424948549	-0.005562424593753776	0.010341799896086834	0.15424577923762828	0.07235167522441477	0.014344108825526003	0.02525421041539278	0.08801795010110504	-0.0003998914689676887	0.004940588426081829	-0.018301830389688106	-0.06882675287007009	0.0019228115277810957	-0.013408462077596394	0.012496505811913911	0.0293174768655999	0.002813082046974034	-0.02438456079811219	-0.00017184093774486015	-0.01858772013406193	-0.09588721138755671	0.006212365228679104	0.005988635577174377	0.004390801830840639	-0.055763602170311476	0.14155979948420566	0.10245964697459305	-0.014167814360928769	0.03317075782598017	0.05598035249160805	-0.019598843401790522	0.004375904539057938	-0.1178529890892429	-0.005709183486753886	-0.02646913091113711	-0.011552801365877819	0.003973406796444863	0.02614884655658486	0.005506626816183065	0.0050154327917433204	-0.033923504549231286	-0.016775557998806794	0.013476790286459423	-0.00609993491268979	-0.03781777760431677	-0.010494721926005493	-0.0369726364634044	-0.0022637581728008984	0.03322129359191621	-0.05654487870477971	-0.032965294757500666	-0.03699610454060623	-0.08645867172907483	-0.03890296056087307	0.009559037389945577	0.0010501363758436198	0.015145111273436623	-0.00034911046808450515	-0.0041601251184094435	0.001031187522688802	0.004664703957657988	0.02110995726117367	0.07409176781237979	0.05228363254556845	0.00048270431261554573	0.0007333930313718632	0.003277847577216403	0.011811532496642033	-0.009055481817293074	0.00033178080769180824	0.02127733217555846	0.030318630519710326
-0.08995302155021208	-0.13114973569161378	0.058871589028298664	0.030223749167982258	0.02235758624603232	0.023140474053607196	-0.018325113865595526	0.037745321503249385	0.021376964503056102	0.07693899799422681	0.01652588839641159	0.04696370977613152	6.0624675592912676e-05	-0.43856225590636677	-0.06980545411234455	-0.027486591533385073	0.0009741204806342323	0.004126525386152575	-0.010244025890938117	0.11579153996181955	0.02069500458914436	-0.004876401024936598	-0.001819309454781361	0.05716016153690263	0.06289464672378627	0.002960175631350848	0.16163063538351594	-0.09222960466546709	0.001437437390693067	-0.009287516026563969	0.018891283469297353	-0.04892245505411227	-0.0003164532154823629	-0.00419517328296839	0.0021766360220369938	0.013060681642357333	0.015981784516388476	-0.1822661221685514	-0.0010014447473905442	0.06230860964449295	0.209133707069641	0.010990463066663002	0.008370687874986895	-0.022035803987293927	0.13289105696649847	0.0076140393675777586	0.030936551368948052	-0.05459121307275487	-0.05022108996579725	-0.03102931915905386	-0.11922414079026605	-0.10355165843955642	0.02844393728451596	0.0015655445932818211	-0.07138574225714102	0.0019859752376638613	-0.1258985868264461	-0.0926893662723904	-0.033487434825881394	-0.0011241218812104983	-0.00579692758449946	0.0948091042116373	0.25992681892666825	-0.07734323188836731	0.011763294144842451	0.008020648853391198	0.0975076581452983	0.046925288261026564	0.08162652334360289	0.12539980247566818	0.015281253160859707	0.039440952465740836	0.01984636762646499	0.005670263465931979	-0.016320162308412656	-0.002515334200810206	-0.0023307247524219175	0.12086100688561657	0.0034041099103714386	-0.012718835656946093	-0.0014996594758273243	0.034658022543758195	0.060013290429964596	0.07382621798757193	-0.021852820951897164	-0.018054866391541823	0.05131655091738829	1.3676433226773204e-05	0.030362485922397986	-0.009235889042489776	0.009631501136085106	0.022626053247548687	0.004895801987861133	-0.018399522971152882	-0.0020544526202339298	-0.002988030400535081	0.0011767083391898906	-0.03998260467159165	-0.010912757420861882	-0.10014375789202787	-0.020203794715617045	0.005392881992093712	0.021059083610385557	8.41223955361658e-05	0.008624155834828812	-0.009055481817293074	0.00033178080769180824	0.02127733217555846	0.030318630519710326
0.2226920869044388	-1.6489498430541036e-05	-0.028000563914593036	-0.05034013954399052	-0.03550429874443037	-0.003559482029414278	0.001854394964415047	-0.03755878659483147	-0.0032501307450333227	-0.0061298349370693585	0.00036507478304783193	0.014864387691634165	-0.009618759700977935	-0.1823726966669824	-0.007960083161080342	-0.2379371891063054	0.0042462364185713196	0.002688763357289819	-0.014670405334972273	-0.07319894962003128	-0.04037776949047194	0.0037762304481454858	0.05312945101764987	0.053134339417117774	0.018022340090750377	-0.005868711073907842	0.08535277915641104	-0.047989761868058936	-0.0005945424385138557	-0.0019026725118075497	-0.010635306418006387	0.02557945278513208	-0.0378856889504987	0.05314326999117727	-0.0016017731546710018	-0.007345320975741212	0.024442560534951925	0.07470442800654936	0.009498647508063333	-0.09261201137940112	-0.02384820429195281	0.0006202534616334783	0.07139393498415494	0.06927984132884227	-0.04965398322794641	0.004026715792602218	0.012093359042723014	0.03336561339983548	0.13819285494320308	-0.00480568259048094	0.06274434151043637	0.04379117280383398	-0.0826086318524298	0.0006250351575133166	-0.013261256660353061	0.00043508593569993	-0.0690757971086838	-0.03782685858401458	-0.01457003355497637	0.006032407558880725	0.0018835880772215235	0.04387415734174099	0.131131306146003	-0.010304820241794186	-0.0037771479486419725	-0.047409169239470576	0.010797146181951038	0.003970574403749034	0.015431581483111169	0.0744367617315389	0.010144916406391065	0.019101126656228744	0.013466878383155361	0.001431301436306246	-0.0013031269598234743	0.0012648096488967493	0.003294670029744943	0.07024808758096694	0.005376860052260743	-0.01570674653928559	0.004362454356520111	0.02204800829009015	0.025781389701313277	-0.043751565042201096	-0.0032980614550957264	0.020501776931316093	-0.0304045058126932	-0.0061071342451608475	-0.04427614183794049	-0.04861478238376932	0.10584571900105313	-0.000828117705472733	-0.022261785774476524	0.08414938486019156	-0.002592630966039549	0.0032547037436723176	-0.0009501784349260329	-0.00042744266669250664	-0.0033411772980016076	0.07058427969411075	0.07817448974885305	-0.005539390474318187	0.014327572208080817	-0.0025011472062180006	-0.0034546980548883157	-0.009055481817293074	-0.002038082104392536	0.02127733217555846	-0.006209839985964766
0.021642346753455857	-0.057444057176707176	-0.013943222023706478	0.010406553291110216	-0.024675216448772165	0.019084963694390767	0.01017849310097808	-0.018076314669224713	0.053441467731801445	-0.00992767937958838	-0.002796728975281515	0.02833885110720721	0.028415898213628187	-0.0669617257170604	0.031687622221920515	0.027055357500803408	0.007261122475317498	0.0010222803417785605	0.004342814167733883	-0.014598024593694308	0.09081461984492524	0.0019458416821069738	0.0450784537552864	0.01151455262005527	-0.01602891312898687	0.003064747205171177	-0.01856950414022459	0.10745321500771254	-0.0016408072023766014	0.000292058683101297	-0.01699825914808334	-0.01635299392164154	-0.024537039922207925	0.0444715543221246	-0.005348097657416359	0.014603608138732758	-0.015411098534965088	0.06556251231412774	0.0009369515272475409	-0.019092347366230736	0.10463964343402196	0.013278324947388034	0.004775417700479755	-0.0075153515098355045	-0.058882579212558774	0.006720657153122104	-0.07139155524661531	0.062077990729978286	0.111540137132421	0.00297896154351206	-0.2052111073649023	0.012160944870401877	-0.016394857253432912	0.0018107904073078579	0.02224972760380182	0.00046990068310511385	-0.6531179792830508	-0.04642097319635281	0.002365800087626424	0.0015659895721223127	0.005083812110038739	-0.08936768599217687	-0.21161296962302792	0.061890881368779405	-0.04080024066352126	0.03466814425143229	0.0162296090552516	-0.011057661703273557	0.0032459120134043897	-0.11934606198068669	-0.012594502552570492	-0.023674598087220253	-0.02115141665143426	0.0003907539842727467	0.003950563415008025	0.007437590506568567	0.0006995516127072518	-0.06414771446069405	0.009573372015027034	0.014368559621635453	-0.008561564409545759	-0.03781777760431677	-0.05992212727234388	-0.04085580288994459	0.0038424316790553617	-0.03321197551514784	0.013438609894109662	0.00033319862760467016	-0.09848278914423916	-0.037096865047745856	-0.006553478467651361	0.0067877111334172	-0.0007638941614811169	0.020397439978863063	0.007400795460887331	-0.0035130804938545398	-0.00037833591224568187	0.003569107209881883	-0.012646512403517614	0.09351049023135556	0.014364575212480742	0.011695701885867712	-0.033664536891988964	-0.0017218945219120737	-0.011239317969134379	-0.009055481817293074	0.00033178080769180824	-0.03951504546889429	-0.006209839985964766
0.06693910191139768	-0.06014360942350953	-0.027363722691530652	0.006221441038172824	-0.06598356680477506	0.08768660248986564	0.0025163711216235583	-0.0014688762056215738	-0.002036044043401972	-0.019717225249801577	-0.005823891642231951	0.0234383304925704	0.05927801199232196	-0.12988480109969086	-0.006129757697079068	0.21934337560976397	0.027634951958948255	0.0008792274847931992	0.00025155518120501094	-0.037204507782550814	-0.2607016227501704	0.0031484509482401415	-0.07760138747859789	0.034947063276426035	-0.03505311933330951	0.0015304076729748062	0.008637595271404326	0.018979114357991867	-0.0010607050122725613	-0.0036812441845987328	-8.410182836116479e-05	-0.010771510913547546	-0.1012908974594706	0.027088713401681626	0.004078570531404341	0.013293378944719983	-0.00022666139760216004	0.08060693150914675	-0.010942801873048295	-0.02564778037304711	0.08886412185906414	-0.002062913933904659	0.04648495620148949	0.005951489066003339	-0.09832896982841424	-0.00317383634983635	0.05836440141561773	0.04698043961012274	0.026855074736840907	0.0084485396307272	-0.0017105953865030295	0.010753013932541099	0.023724193626975896	0.013964775832166416	-0.06318305266245766	0.0005628130345742776	0.0074781585327548415	-0.010269970836917235	0.011757287476873247	-0.001929401271829006	0.0018795830714869587	-0.10296870698411104	-0.15620582610646958	0.06892334840524193	-0.01428816373402747	0.02815672899324036	0.015093995374292296	-0.03417240143469232	-0.020541508993498284	-0.13311724642990969	-0.01033557377422554	-0.029525209094845677	-0.017853640970967682	0.0014702678503475126	0.012390853581019002	-0.012338242423458243	0.000971932076014668	-0.11678876406964132	0.023255332914027076	0.0006296584558769203	-0.00318359576621749	0.008168171938038236	-0.05992212727234388	-0.01593335576878822	0.015065787710704609	0.0563867428643456	0.07350768704001963	-0.008292678062967847	-0.08550747677464769	-0.023461564796077354	-0.009774335513902072	0.031121963114212545	0.003630141554776149	-0.008701845280877408	0.001951968969759603	0.0006751909900105036	-0.00032421867291297483	0.005652049609929032	0.004512932162090812	0.027112105481766104	0.06600480046179652	0.006271163432245627	-0.02256426053950407	7.828004387849951e-05	0.002474490127289752	0.017578288233568905	0.00033178080769180824	0.02127733217555846	-0.006209839985964766
-0.24434061585902184	-0.1153942898489585	-0.014459919780782475	0.022707130405139955	0.014015537706797514	-0.05854884407467319	-0.006594719937482327	0.017165111734660964	-0.04846852965122159	0.02701150405333377	-0.0026769027365744573	-0.007744138435382269	0.027053435827752492	-0.1513384364814284	-0.03009536372016957	0.0671784539433226	0.015061006783977482	0.004159768175359939	0.0017663322171887104	-0.015016061310125102	-0.08021265232878835	0.0002612664388048921	-0.027496550306064144	0.056969244763646204	0.009107153438561118	0.0016003413802493558	-0.045650965552312475	-0.05351842149384689	5.2784955277420265e-05	-0.008084351543467165	0.014137512115542848	-0.11558190321952469	0.004876019973446931	-0.03455240114747191	0.004073499518230693	0.0007526999906793013	0.003334756627176947	-0.23909673116706975	-0.015462925503110797	-0.007053983046615709	0.009403565412424668	0.04245166167258556	-0.02235474298351595	-0.005440801059233524	-0.03660278701418957	-0.020674907567465626	-0.06929766756347502	0.007254260128613666	-0.024999276929775688	0.0014120683503318168	0.08393266153057269	0.021906177065464934	0.0025186806842688483	0.021105064367437837	-0.010256092287614238	0.002224717979538911	-0.0507486587652721	-0.11401995793606308	0.022414182185918622	-0.008247010327656656	0.003804874595002844	-0.11273517994064323	-0.16845324900501152	0.06630765361423215	-0.0117577474931942	0.02397234450376059	0.014087516806223799	-0.019125002841367908	-0.008845722580949508	-0.13206582010147724	-0.019891484184862026	-0.019562582751921395	-0.024766735789687157	-0.0006800482019716632	0.01202465021799246	-0.0003253561437263912	-0.004894238856128512	-0.07142863491710971	-0.001965325680434544	0.020401257280595286	-0.005520736817042283	-0.011090675962843358	-0.01904332242441836	0.06890948974877868	0.014717553194746076	-0.0016167927014201732	-0.03409318969092984	0.03232088029385526	-0.06966387695317271	-0.0806683725284011	-0.0027817431436463215	0.013196997362888067	0.008140287795704504	-0.04423832942969351	0.008707298193089833	-0.0013865469213044032	0.0009089544429082216	-0.002942333782315862	-0.014575274151294674	-0.03944141525595415	-0.11562371454128387	0.0026861480183959056	0.023194963826112566	0.0035856678620499183	-0.004709340398488074	-0.009055481817293074	0.00033178080769180824	0.02127733217555846	0.030318630519710326
0.08031313902242537	-0.05075514713633264	-0.03184618179950772	0.03575021614084213	0.019664691274098693	-0.0363317544545569	-0.008298032154381211	0.015446801888415232	-0.023247253371611643	-0.01805777824321726	-0.0036299292030693014	-0.007756882026053612	-0.22524015820994112	-0.4195142066337259	-0.004554803648950245	0.08713953442938058	-0.008907184394120627	0.00254127403860053	0.005232610042611544	-0.017694058436088272	0.10673258049330762	0.0035035340807913636	0.09827843863299288	-0.016521151654188788	-0.011593556384162183	0.0037956161730253253	-0.0776570852280991	-0.0031926820066419	0.0004778265111360265	0.003820799137865726	-0.01724351256105461	0.020191079943585353	0.0011374043498422763	0.0008975525016116486	0.0024781677474705723	0.007157484367984565	0.008760526570681843	0.010042586186246361	0.022643689554456645	-0.002341431436237391	-0.012732536111264868	-0.05723478358553012	-0.019568749413566518	-0.04094185212656908	-0.015196488073467062	-0.009438372481442359	-0.05961631470252747	-0.017438816202887137	-0.050250606778634285	0.006167785105826015	-0.016202104551703084	0.008863720663428191	0.02451991342590308	0.011566683107348619	-0.08077420481784175	0.0008295129386272396	-0.032648763340542016	-0.040612311229671454	0.018525475500916773	-0.007293279164018517	0.014850307357595662	-0.051472465507866515	-0.16249154458728396	0.02528685528151617	-0.05273556506212934	0.01278480015197162	0.012860477204715788	0.029121832832039618	0.005746338545568086	-0.06781281780812344	-0.003109851954376382	-0.013785277604106099	-0.017182852683176222	0.016623032028877983	0.002831508326374764	0.004334108141984208	-0.003319476573258991	-0.24751914690181173	0.01518913762274712	-0.005269036529650403	-0.007343856800123908	-0.03781777760431677	-0.05992212727234388	0.030445605840487198	-0.00035171081510540074	-0.005739007098940184	0.026652487135602487	0.023674632430238356	0.06556608917293437	-0.06556999134622699	-0.01584099813317486	-0.014573377317860072	0.00677542779982871	-0.008826463314940036	-0.0009869438493467538	-0.0009778837456471735	0.0003348987586567631	-0.0024615519573585065	-0.007780772347959451	0.04648452170506602	-0.08588121875721068	0.01595445587867319	0.00413837971781563	-0.0014380019683941099	-0.007534111209990004	0.017578288233568905	0.00033178080769180824	0.02127733217555846	-0.006209839985964766
0.17810960184443136	0.05344114483404674	0.06859059960468736	-0.006898040952197817	0.02383583749193545	0.05128742816812053	0.0045366283007946505	0.03651589332939202	0.0035219413837193876	0.028238668598213067	-0.012661693397956654	-0.002354128703644384	-0.07479919896152505	0.055536084997934054	0.03828424519605591	-0.05649280179627634	-0.016116582608239154	0.00048468214435919604	-5.3768012559664576e-05	0.0954686358694492	0.026192636436382734	-0.002851100096610948	0.0655003254604549	-0.025116507355215683	0.017650330118145815	-0.0010425454584887806	-0.10795950828838864	0.12031960036459102	0.00019644782200396393	0.00795100866655096	-0.00966912233783279	0.04351535858965439	-0.0036646609384440613	0.0033585452237307398	0.0050665191650512125	0.017906413522834525	0.016115484464827322	0.07382081055300097	0.02288584821939275	-0.01409786006059545	-0.051108626851556156	-0.0222733144051428	-0.049616335344814036	0.015728878038798542	0.0007604097003594238	0.00653333577769471	0.005895120158007537	0.0065308524858292	-0.056706039515111474	-0.00029448656413955283	0.03540908350025558	0.01709311361473964	-0.0028468701352398077	-0.012678027601327559	-0.035575418600370064	-0.00019968758704896886	0.022993531901616186	-0.06894171516072323	0.04398067285348414	-0.0052755280914987745	0.005953847877500279	-0.02041802047539576	0.06715917259202664	0.021601378043041634	0.014186707923706531	-0.0019033171989415697	-0.003039068490748983	0.023506498489355945	-0.026130182566423955	-0.02983048777503041	0.002812105803651624	0.013932509468806907	-0.0051455476251058745	0.008310793933175308	0.010921876267360449	0.005086342189312275	0.0030816906562747704	0.07781545637627206	-0.006569458610950703	0.003986025854402958	-0.005684534850822415	0.016434522278583313	0.025566982123024468	0.03146201327868354	-0.0024787423723063376	0.039868181763800144	0.09389155043285671	0.0014413445574940108	-0.11576595575507158	-0.025673247318053437	0.01363838124731848	0.002070976472588529	-0.004241781508122976	0.011911212917156883	0.003759217306635715	-0.01213273272917689	-0.000788872177532423	0.006171108396650773	0.022961600806478244	-0.045966407827376904	-0.03535062269243832	-0.00999754456159552	-0.016404131226384525	0.003814704387886297	-0.013966785826460154	0.017578288233568905	0.00033178080769180824	0.02127733217555846	-0.006209839985964766
-0.42241331300508783	-0.1429141304074549	0.03735822861544431	0.050011590398427154	0.10627407001214959	-0.01995032977923682	-0.01835419301264659	0.056479025463018764	0.03282763383732925	-0.033181251789419296	-0.01955716002651248	0.032683887370713906	-0.13163695025257696	-0.05149218129802159	-0.045021169652641746	-0.15598882228944475	0.0034915706437535885	0.0036722974657933433	-0.0013981185651757934	0.06465930823168858	0.11568992637435521	-0.004482356340991147	0.12862158322577583	-0.025655782405184888	0.03164222013065852	0.004116679376654482	0.05157078561475568	0.03717474428004823	0.00033289668023111536	-0.0010736413718002628	0.016593452476165088	0.011014933472346429	-0.0003009322820634499	-0.06756088262179663	-0.0014913973216038	-0.011102406707199626	-0.0007202606507963657	-0.10745413569408496	0.017455150763626436	0.08872741905751835	-0.030641682207977736	-0.04870036523114218	0.04100109845147873	-0.055246820708812754	0.008116303147821408	0.029851320961481204	-0.09927307202877628	-0.018778887905097758	-0.09598800214806982	0.0021243413024567394	0.009748128574540323	0.01180545178172308	-0.014335042321121034	-0.0016665275620307747	-0.04967960135884192	0.002888431026704186	0.02804150312133523	-0.0606887778672225	-0.03889941662767242	-0.004460010202151422	-0.005518712760828621	-0.0053123033732139354	-0.14595401902854363	-0.05888950963014741	0.04483838068683911	0.1021626662009793	-0.0856595765878744	-0.004264302760280475	-0.004948523982919814	0.00725302166076555	0.0030199713355339827	0.013652841603088689	0.22028754700818703	0.01585213376331293	-0.02246826551651348	-0.027568202820613293	-0.004728247099797358	-0.24751914690181173	-0.12792610250054898	0.11319654249936127	0.04288333524298867	-0.03781777760431677	0.06282131137082715	-0.03867847342054225	0.004008483339132101	0.03886843859619193	0.03531600653695784	-0.015123893996096777	-0.034458788268243876	0.04804704220763501	0.009106010527935828	0.004142869065148934	0.00015866475678804064	-0.012017108457549965	0.002730506939246275	-0.0036179435771801593	0.0004460255736670252	0.0029028096501424743	-0.022755955342695647	-0.012087713664129824	0.12510506901337431	-0.007265355786676754	-0.011215610248707033	-0.001919294576635372	0.0015290259021325915	-0.009055481817293074	-0.002038082104392536	0.02127733217555846	-0.006209839985964766
0.02462135687370317	0.08125737527612664	0.009996550182934466	-0.0236905349776159	-0.07721271714730443	-0.0039935063698993975	-0.006047322733850505	0.0151541493803759	0.009954482504034157	0.016015034880451657	0.013630335171170151	0.005136862267917502	0.0034644899072075602	0.05440600312221116	-0.14680935465033979	-0.07014195562166244	-0.003327570341626355	-0.006550079000774019	-0.02232160379327673	-0.08827847984253628	-0.0030633040896214446	-0.00114035980326679	0.014546394299277935	0.013919031497526676	-0.0005109566304468347	-0.0018168854534977312	-0.030239148672111076	-0.024804746987809052	8.02895377241393e-06	-0.000879903964450834	0.005807583919683518	0.030211851167295998	0.01766342824026247	-0.034867838638472363	-0.00024401707990393004	-0.003934950999674196	-0.00433618429554268	0.04171833311282411	0.0061755799789050166	-0.09195375091248001	-0.019772360461197215	-0.04935852983590735	-0.02278220318376266	0.02673998016686118	-0.08994736306127851	0.0030232501200513472	0.03273329677042703	-0.0006996991670195541	0.011075226999412057	0.007825945246591925	-0.029837727580425206	0.025284459440204358	-0.021006251740897555	-0.0001556130137685289	-0.03928127199792141	-0.0017827987859352305	-0.21832489541835062	-0.07821420564301179	0.02458139736949279	-0.0007636153502187361	-0.0004559346618485106	-0.15738303694108238	0.09068742039989787	-0.037853399417620615	0.027561659038520894	0.057824186698319596	-0.08613999378287168	-0.04170259430261906	-0.09467914692401956	-0.09336224363627281	-0.02961765474712732	-0.046106449918400676	0.020956414426240067	0.00017914072822999697	-0.005291138295204521	-0.029477739015926853	-0.0004104312206220584	-0.11644858447784481	0.015297042278982183	0.019852606559755695	-0.005730664475790259	-0.005460881009894221	-0.03048704620269354	0.025412051219549252	0.01724677667386791	-0.009847173821436652	-0.07084675311407945	-0.033466741785129775	0.025022212412038537	-0.009355066745610815	-0.004513030220380862	-0.023493145266680164	-0.0009128435409860052	0.03035565797508876	-0.01269021330757845	-0.004631652596013693	-0.0008562909477073584	0.004495446395098269	-0.000719272272686451	-0.07570315448475434	0.05194274973747428	-0.006884882103734749	-0.02630891860259776	-2.688020345986456e-05	-0.0037424732482716637	-0.009055481817293074	0.00033178080769180824	0.02127733217555846	0.030318630519710326
-0.02640778365990657	0.0658021583172301	0.017911861325499896	0.03777136713207727	-0.0343859505557855	-0.01991949837723401	-0.0013837288770848994	0.009658627424159077	0.0317509452056739	0.02479717913346863	0.012323955079729831	-0.021013008723611618	0.03562170818528224	0.0286242138429127	-0.003346559502161387	-0.024565041981869425	0.008442418571589689	-0.003976575342332461	0.019296764716074853	-0.007528488863857191	-0.04490325434224837	-0.003161804096401967	-0.10105385260438626	-0.05762580386660713	0.02717421834337525	0.0018440559651303815	-0.04390732938093319	-0.05012135659819855	0.0018119980230204944	0.003535423473415104	0.04325815453199464	-0.037806350780791476	0.0740636306196516	-0.03679619433698924	-0.000946325746948828	0.007138008829960402	-0.01228174446012238	-0.14772025296970978	0.026585286907357886	-0.08624395234413414	-0.008045908439244232	0.028323697553216072	0.013867718599148817	-0.00292014192451995	0.10814078668313477	0.014014948965473787	-0.021965575094101502	-0.07090069646805416	-0.08037898566789758	0.006963570734931717	-0.07378672093245431	0.022317875321661816	-0.19891023626115703	-0.0009254501903555891	-0.10349981801416379	-0.0010429339744345548	0.06732345554920195	-0.10316585493957857	0.006954219136337749	-0.001955978662958423	0.004618249664323851	-0.01991507930868584	-0.15748209004358818	-0.0015732325221539392	0.020701627075131606	0.013888016537754209	-0.02142364852154503	-0.005114472808026244	-0.04343449457134156	0.008791185054458	-0.002499760621310202	0.0011706762805816404	0.0012544867533129031	-0.00409864372394352	-0.006632930175158251	-0.0051330282402565295	-0.003721331420676976	0.04870750759154026	0.009019881417657733	0.0015883602485362686	-0.003107709687952353	-0.013213423295893654	0.008852028718360359	0.12052047839294117	0.000997697770254367	0.005594542103952124	0.034762502127204845	0.024464787551674732	0.07490518960476136	-0.04093594510521387	-0.03184887685714465	-0.006818654959485214	0.00968410781619761	-0.02096232871248265	-0.0017319819554971203	0.002817446175697539	-0.0005903199538287002	-0.004289807186083919	0.002716682093059213	-0.1386381192661895	-0.03543692642235377	0.007152335853915316	-0.015844428857685628	-0.0009490033971384154	-0.001880322259156771	-0.009055481817293074	0.00033178080769180824	-0.03951504546889429	-0.006209839985964766
-0.24381509683138344	0.07712268878048766	-0.06088714055957188	0.0016395881045712405	0.028056570497470276	-0.029478733407884566	-0.018622306898422744	0.039513847854416626	0.01378218745658944	-0.016145607269636906	0.0014004342106320549	-0.02408597880899122	0.09602930427613494	-0.09233126124825425	-0.1357778054232897	-0.07058641956861582	0.005144340205453622	-0.00019829389030364425	0.019296764716074853	-0.08275743898699821	0.014320877278954272	0.007164989171818745	-0.009956831508647004	0.006174361387477165	0.02207566552561498	0.0018429029860646466	-0.04492770787791833	-0.07151868306028636	0.0009372146482713372	0.005419070868957624	0.0010463404440245315	-0.02692805834319849	-0.01549662701668484	-0.01691558385342929	0.00786056818516086	-0.009141314110688246	0.01316232671915848	-0.16782825175071095	0.00908961320052239	-0.0006763397641099347	0.005623748725568902	-0.011821895786735122	-0.03279675418715545	-0.03180805568369331	-0.05995410677386748	-0.0009853734323838276	-0.03724721912278346	-0.0269958516244586	0.022208314455339755	0.00017177709717568977	-0.07525517548984084	0.015948600802644278	-0.004989794521757524	0.00010569572569713457	0.003261686123069957	-0.0010219298387895645	0.03718638160145244	-0.09004815502531499	0.025397251770893064	-0.0007923508153780333	-0.0005254607579724265	-0.0709263250277055	0.35151631400541017	-0.06515889989983671	0.05167552370288201	0.024991784637144975	-0.08762487680852121	-0.02201896313454297	-0.11110335122850284	-0.06462302801827602	-0.026277790628108342	-0.03371897689721092	0.021923236998165743	-0.014679441664564441	-0.0054539765179149055	-0.03378721315068558	-0.0014583822137389795	-0.03593366221730535	0.018590058374469448	0.019653785786980692	-0.004921598200683691	0.0018060150745004577	-0.0019227219189925488	0.001037765708858671	0.008849823902807441	-0.0014626684555908201	0.0054703011255769814	0.004934765467467804	0.036044755337156335	0.021271473313810442	0.014887951662682966	-0.05551107413073706	-0.000809325412963258	0.03810575075077665	-0.0035950644062677046	0.008456758332756201	0.001067439357992866	-0.0012080279324144917	0.01583208422576173	0.07519993905389742	-0.13498718825471973	-0.02634199760180617	0.0014369393830996587	-0.0005391082415831679	-0.00785749615009063	-0.009055481817293074	-0.002038082104392536	0.02127733217555846	-0.006209839985964766
-0.03835822306184545	-0.05011544394662981	0.06620639525598154	-0.0035102917025972907	-0.27662446228277005	-0.06019569114737388	0.0046269173186759514	0.05637175636783239	0.021155452990736626	0.03951761596689972	0.007821046362047163	-0.025031402950887936	0.0036066120919775245	-0.354517079263213	-0.0061802982684616824	0.022740595495852712	0.0008042934845245059	0.0017927809880119597	-0.008040557822739772	0.0292606083613679	-0.09953614321751435	-0.0047655286160707125	-0.17447509538768724	0.002784847114902589	0.010683972610125346	-0.0011692275423199135	0.025885115378010637	-0.05808301610332099	0.0013901259202762286	-0.0016532511445641173	-0.02830270021556949	-0.03277021837603271	-0.09038563509024235	-0.04456912656259778	-0.00940119102880322	0.01231649594665383	0.0004007911121214525	-0.0038032497451636928	-0.003188683728030159	-0.04444244307526138	0.049115553773233914	-0.013221719997367489	-0.0335859111423078	-0.023930193568368906	-0.042759741045190834	0.006348770865781219	0.145531991919588	-0.05023875721000654	0.20108011315338348	0.002212138035356662	0.03683736262671924	0.012457473682146626	0.008441904123316225	0.001978831835157464	-0.02853708529281003	0.0020968871522223033	0.00434710620850417	0.31032215507230854	0.002720326611063279	0.002150030006151614	-0.0023591546645144548	-0.10160202618723836	-0.3182493733938319	0.02695458118784449	-0.00836244043323917	0.030334827801209004	-0.011396602403228881	-0.026748990814769655	-0.032987014285609455	-0.12018536425311946	-0.01551423613615193	-0.038079177630800244	0.007107977551948526	0.011706244675479543	1.3315296227747212e-05	-0.014769651134797366	8.853752072277879e-06	-0.0009608597841073966	-0.00128336003038621	0.016425192306905284	-0.002299557511605053	-0.011016956326814525	0.002135814698254867	0.06931370563953596	0.0004855834677866359	-0.01370182620698336	0.0457307111904175	0.00574124291557385	0.18445401645232387	-0.07122756581716258	-0.02422968126955116	-0.031076452464763645	0.001615873931303592	-0.041622338778440224	-0.009312921892312106	-0.003769194371903703	-0.002302754873110509	-0.005011863732029244	-0.014170473391878454	0.034506641687880035	0.013363953559829713	-0.00044035393474990085	0.022340272277506054	-0.005293735979008632	-0.006639984747907824	-0.009055481817293074	0.00033178080769180824	-0.03951504546889429	-0.006209839985964766
-0.3219269897267577	-0.1458517837725941	-0.013605940109874872	0.05745402378557908	0.019514604199959196	-0.006120805230471565	-0.011037241942273731	0.01260285054656308	-0.01967940336813469	0.03837642874443467	0.01337422286266925	0.013101601720670038	0.01658905743062468	-0.1274128553014472	-0.007192148565315053	-0.01720089599389768	0.0024902986137261	0.004097103235623403	-0.020291937931680267	-0.014433969565613793	0.05443819840354118	0.002251920469486227	0.11488788887735177	-0.011114763127604434	-0.010596181623688887	0.003598945884870494	-0.0011745464004406345	-0.08929947292812386	0.00030845678172211453	-0.009002550031054976	0.027348024500738612	-0.10045229945860819	0.034995722945342866	-0.024607814692817045	-0.00158954696857232	0.036876168211027884	0.013540596367864467	-0.08223428785997906	0.009087812289073778	0.06773321492530907	0.01192293613530483	-0.0010988107962535884	0.018357602533046857	-0.06263717895716897	0.024943699376436118	-0.013879786950137779	-0.044874840030833266	-0.00482031880439161	-0.10175884105261335	0.0033766019889943277	0.010920123960029714	0.00943413281215953	-0.005703604856668904	0.0048631868905383	-0.015819249225508966	0.0029965685022152505	0.05619879136582913	-0.07394543103464328	0.007496074163745042	-0.004113382192996278	0.0032867117631644057	-0.04479921699721222	0.3192063582283775	0.054042883616318864	-0.025584261117922624	-0.09467742887435118	0.03395851375477336	-0.024216240653925088	0.004995363723038566	0.003466907486496276	-0.0002369402736747669	0.004099173765922918	0.0060839049852005	-0.006738461144599676	0.0109983140418925	0.021516201042987834	0.0011999786447694323	-0.009545055148582587	-0.012100405501025847	-0.006823895977574318	-0.0016303014398379812	-0.004108218313261727	-0.05992212727234388	0.029919646589008732	0.011167828935808265	-0.03297568035361165	-0.014372138574366148	0.010300517176402865	-0.04058451220880921	-0.11675373168436667	-0.06811703605725634	0.0052829511750906175	0.0137940517415223	0.03251467228447457	-0.005876217562071114	0.014714090465278933	-0.0013775545708880146	-0.006192622714256037	-0.022710015298835623	0.022213708304144545	-0.1229092967202032	0.02364424069690978	0.026836349619548373	-0.0013219171220778016	0.0016219014631021207	0.017578288233568905	0.00033178080769180824	0.02127733217555846	-0.006209839985964766
-0.20928697129902646	-0.02968051163011394	0.027977566255117686	0.03523682483012722	-0.014852551566429584	0.0053450476885420145	-0.0028135193156696233	0.04662043020595848	-0.003939651640119123	0.039921473685323346	0.005802341018052222	0.015204045568759511	0.08482994476295765	-0.030711509154769816	-0.02607559090643382	-0.09080728557472088	0.00014792505082981828	0.0035090276605482685	-0.02951632606495138	0.06957071097852544	0.035749480073218036	-0.0059370870949391665	0.06614099944786127	-0.010300596364107344	-0.01782034363852068	0.005064224461211863	0.10790125088929957	-0.006013219757643966	3.534744478236156e-05	-0.0073892224918288936	-0.00399563418286299	-0.0096293346835893	0.027834203926147723	0.024315380470209272	-0.008219198748362702	0.0065354714116212615	-0.006210077039302899	0.11294329078612592	-0.02139975934612302	-0.10372025973909244	-0.028467651672312203	-0.006192270060877156	0.05098656355730878	-0.060573392811178586	-0.007907918601995427	0.00804185843341958	-0.029138128911413205	-0.0003085296559204119	-0.0207738215424178	0.008488239036332742	0.1256677272034513	0.04553272705708231	0.0067119489026219396	0.005369286043260902	-0.010876682991630058	0.003168023038489523	-0.007085728296561806	0.31032215507230854	0.0019442978762444045	-0.0010316525501772858	0.004821338803748488	-0.025295127863491473	-0.38623939041090016	-0.013532680406611139	0.0745475705908937	0.07811209094819926	-0.06052920889375718	0.011294579784282898	-0.20622480931260972	-0.08729707737206487	0.002176439369443319	-0.1932920954711155	-0.030005797336981305	0.01850733736056616	0.010626256276950723	-0.03609661110750213	0.007492345345607002	-0.24751914690181173	-0.12792610250054898	0.11319654249936127	0.04288333524298867	-0.03781777760431677	-0.05992212727234388	-0.005856732132302143	0.006898962385853844	-0.0182087654107493	0.013398126630184783	0.0043002784896464166	0.025848428647981276	-0.02634537878423913	-0.029869144572768482	-0.015107263717985424	0.009300765589988077	-0.03917135598946342	0.002742170409831415	0.0008914271890210219	-0.0008126648210325766	0.0015987927201273633	0.029636581255508204	0.023744545421128964	-0.08769816724684575	-0.0070414289327197606	0.019885122034188338	-0.0009394948643217232	-0.0018913726955174207	0.017578288233568905	0.00033178080769180824	0.02127733217555846	-0.006209839985964766
-0.10269527742404264	0.059174192829071506	-0.004734313017061124	0.01774190205389294	-0.021571551230770418	-0.14497714666835304	0.015360266004656392	-0.00929442481809322	0.026026740158735007	-0.0030232002312126282	-0.003113160113685139	-0.009545337349128966	-0.0832330958214404	-0.12058953590631079	-0.1140197694607944	-0.011133649949741043	-0.0016046214449080992	0.0006738984674664326	-0.018987956264139877	0.05298845014657547	0.013690843089934724	-0.0008584354118550098	0.06142895479824828	0.043409517731410774	-0.00928499701685127	0.00013808202982994134	-0.011769118198682132	-0.031468678878072955	0.0016142671706817805	0.00580789108921344	-0.028590025745827162	-0.027417665295477033	-0.02462656821789836	-7.623936281895209e-05	0.0018252545803832429	0.007795620078995973	-0.008817000143490385	-0.1351206365502246	-0.04031991841397977	-0.11525620445822553	-0.05691161851880149	-0.052240758265744175	-0.04422518965127725	-0.04059213123626775	-0.07967772497714082	0.008030112232532943	0.17330548601168053	-0.0585956644458946	0.0861195837528824	0.003932895832347393	0.1638208333616966	0.06645115490799448	-0.00020760997965207342	-0.0033183777291543506	0.02327938527974654	0.0003055546403314264	-0.6531179792830508	-0.08190973145112987	0.03723073982402075	-0.009914319754261082	-0.007561192080254695	-0.0481329988362839	-0.46278194674835416	0.009924276502126819	0.09721181784630446	0.006672857580600099	-0.010307896437521868	-0.03398195529609149	-0.08541393212483309	-0.12454104531006233	-0.01340603847297971	-0.07095091226018826	0.02100095654155478	-0.006129652568793146	-0.009457791035106768	-0.0209443942790902	-0.0031393283476880574	-0.03986688218791174	-0.0013009808450587074	0.012814609703389965	-0.004834753837091111	-0.009223074666772878	0.03302299612242488	0.04862736119354006	0.007323194645355233	0.003920171865692772	0.051552824673313465	-0.013954269880750544	-0.036748565893216005	-0.013736472527261132	-0.003088629614760843	-0.015166433744055532	-0.015683231476316114	0.010814017705956344	-0.0004534535077966822	-0.0056043646347072274	0.001196705910589755	-0.00567003500372421	-0.05535225273479133	0.02179246434066835	-0.07062189767627847	-0.014308707292349248	0.011442498694258318	-0.002811384828937213	-0.014203853460373792	0.017578288233568905	0.00033178080769180824	0.02127733217555846	-0.006209839985964766
-0.03808273103787894	0.04095480779996919	0.02259170515354157	-0.011722170954840046	-0.028363939848230487	-0.03457749596678329	-0.00040268568737473646	0.032513368269627634	0.0052999911827930415	0.06677267900460074	0.012467869007410117	0.004464972164425032	-0.07751438633940454	-0.10380966953518121	-0.01277371879450627	-0.08480498477821384	0.012650346705524404	-0.0017829555706737193	0.0022910498204149077	0.06381740881125238	0.05957564693425818	-0.004687747273893502	0.06711425313484166	0.02696387168625951	-0.050589217210189476	-0.002591654499331147	0.08387922518977145	0.05967463209081597	8.322180467359614e-05	-0.004323487103194041	-0.006755583717102497	0.03197073969593048	-0.04037884836334428	0.05512613840754619	-0.0027395258257829945	0.012839079938624244	0.011248357379271386	-0.00701063578116309	0.014767562536029965	0.07937935275715212	-0.061803322259444425	-0.0022547932097817455	-0.021469910973239404	-0.005007406202951511	-0.05247907994967659	0.005658160425960417	0.017976585534899975	0.0035774157624824422	0.00259590681837245	0.0026240478825208854	0.0198398459995899	-0.023383648788912116	0.015140225818839993	-0.001031058398863937	-0.046579124146487585	-9.099264987215677e-05	0.03807660536869959	-0.06472369037571075	0.009657291227868564	-0.003504182817145583	0.004250109178370466	-0.037213736229208164	-0.3017656408996076	0.03419417624798967	-0.010304590616406973	0.027517145116372887	0.001560235039036556	-0.015445168645933668	-0.019587348855834432	-0.057769153573813355	-0.004090486868554747	-0.019220226554462413	-0.004955348171588932	0.00701130390948683	-0.0015649650862727543	-0.016064161392339838	0.00041775287379491535	0.020817899277988865	-0.00427362953218198	0.007957043500046931	0.00042037105328603813	0.004751372646621461	-0.007746432248929356	0.006866477193576839	-0.004632587656627987	-0.015301787952381303	-0.06289354277709716	0.0061147297776664375	-0.01573729357306914	-0.028966069680573324	0.0033900915768612736	0.0019173367976950358	-0.0036459758828337246	-0.014825811435399704	-0.004469901320372657	0.005262750012058656	-4.575034395699836e-05	0.0027505198976362907	0.0073618923881856365	-0.004348903499020218	0.002165900010330947	0.06755892911723814	0.004802662952351602	0.0007556310717167273	0.0032452453253568538	-0.009055481817293074	0.00033178080769180824	0.02127733217555846	0.030318630519710326
0.08954390537832359	0.020507614842546526	0.08772155359047651	-0.0037524510484153715	-0.00274129497966596	0.0006961451565414392	0.007767793259565206	-0.007970573690799192	-0.014934795601017627	0.04079185782895053	-0.01955716002651248	-0.01264253778025976	-0.0007211330980420495	-0.32186026296745873	-0.004586223460183204	0.01730098662043028	0.00440848019678983	-0.005075167866450737	-0.002840957954784329	-0.03780187495481747	0.028644889003403437	-0.009183314886153787	0.02104969407714106	0.04598149407823833	-0.05977774829386535	0.002844084167949737	-0.031365610695802806	-0.005941950832644711	-0.00032867645869197505	0.0029326234378619686	0.010019353528479415	-0.06818266836811304	-0.049583237120661865	0.00758086526629604	-0.0010483288839117598	0.015256662657307803	0.020162241542096046	-0.07939486367857067	-0.027168149194367983	-0.07221027884257493	-0.0036633073434027886	0.0040521598183501095	0.0014582394135889852	0.019376713535496838	-0.04936163271555555	-0.010345652718243217	-0.10279308066562023	0.01065474583216786	0.024798057126015318	-0.004842161211216814	-0.2052111073649023	-0.10355165843955642	0.01241114488339622	-0.005578454420392059	-0.00796901694907168	-0.0006731291356155979	-0.1774239957664721	-0.08004565990398545	0.038214321462371414	0.010166390514873577	0.008200114159828097	0.0153687078723653	-0.22528293002588567	-0.006622457680368834	0.0447093168600293	-0.020252154512552942	-0.0700291644164963	-0.023059438493056337	-0.04380479399612606	-0.052970349005237775	-0.007240772161032315	-0.01790039911066944	0.0010123252602903144	0.0030918802869546705	-0.0026147321340693453	0.00997502277338576	-0.0009523044768155946	0.0360106101786923	-0.008421375818698663	0.004894778379828866	-0.0036564235932454517	-0.03781777760431677	0.013335216961140749	0.07565053811744347	-0.005682249561292141	0.01858913392773211	0.10403088959064968	-0.03690254948314975	-0.01562519670674164	0.04947761063431795	-0.022133777363012856	-0.0007155111162695742	-0.00543508844150304	0.027050590342684724	0.012181223051967754	-0.011442937662463756	-0.0013336358154743054	0.006260427545618795	0.020702475513589082	-0.01676427513128926	0.09634203887218037	-0.0035904198785086956	-0.004357833027855424	0.022442973531393278	0.08127530817085349	-0.009055481817293074	-0.002038082104392536	0.02127733217555846	-0.006209839985964766
0.021738131049256235	0.12919797077573783	-0.021908573400075557	-0.04245236747435495	-0.026301759856308272	0.007102560205343233	0.008785084853519644	-0.07575680729924822	-0.037453197205989705	0.0506558189941272	0.03950197285181551	-0.045118451354530784	0.06437134429624057	-0.1694714533544863	-0.031000197596675945	0.12594859826891724	0.004535865592710127	-0.009040520837284861	-0.06446406800967605	-0.03314574437932924	-0.02667416230707827	0.0024167671480681057	-0.048111615283614066	0.02388874499787345	-0.06019730000596744	-0.004820042865207141	-0.06414176627762001	0.09799216332560917	-0.002460718194435042	0.007516221758980681	-0.02987702732841132	0.06325469399487185	-0.08996570334904246	0.05652273961218161	-0.0015202646785589101	-0.01945213031014818	-0.014061578866757019	0.2138801009221385	-0.018752540873469788	-0.06259498720250856	-0.0057820134880920155	-0.019288674834157457	-2.715099369767315e-05	0.04513579298936213	-0.0691481967043674	-0.0168387200570778	-0.08315220497597486	0.09532123222455544	0.1332474708902098	0.012855782974938394	0.24312996586298444	0.3579203836451446	-0.0018740121861331653	0.0002752743211966984	-0.032176481474881696	-0.0037401873559463673	-0.03222919804496743	0.31032215507230854	-0.009493191203172185	0.005297115959788721	-0.004669190874994879	-0.008730644393355204	-0.2978875007707774	-0.030048391644822824	0.019225502979455047	0.04914177304793214	-0.05200434489987559	0.004232862592604408	-0.007450240767905157	-0.009646487023449982	-0.0026599183151971885	-0.01544720498780125	0.009037371317386017	0.002248716308502448	-0.003455923700894681	-0.013438699200490168	0.002136670375236657	0.05223040659051701	0.023818551963191735	0.011547507731031172	-0.005861659776049693	-0.03781777760431677	-0.05992212727234388	0.0364005620111028	0.004547727793876621	-0.006849066599498044	0.022016613091951517	-0.057702557351610104	-0.10638085050170089	0.056427049985873244	-0.03754970618248399	0.2693269409342612	-0.0005017024744524078	0.02356948720950854	0.005026955090556468	-0.01474873457237545	-0.0005195646352202849	0.00305789762920019	0.015631720029708605	0.0562553661812406	0.09208571397107736	-0.020095588836105103	-0.034589627352287496	-0.001010766850358255	-0.0010351793988496705	0.017578288233568905	0.00033178080769180824	0.02127733217555846	-0.006209839985964766
-0.09816589393648249	-0.05902098594669856	0.017659895366283287	-0.014715704880244426	0.03349637447739723	-0.0013884016870726605	-0.014792045867672056	0.016083419337621967	0.01887540776231055	0.053556524281515853	0.006274697950386504	-0.03745966349658768	0.014288297243818613	-0.05262987541330909	0.00584609721956605	-0.004146341060028888	-0.009869627896791695	-0.00019044823702891921	-0.01490915246637704	0.08647471257778964	0.025654414818425536	-0.0018457568197103528	0.09422015611538881	-0.009705392018720595	0.02880544338282136	-0.0001008676486164717	-0.003776479050397489	-0.0027604460356005973	-0.00028349227972277537	0.006992366739866201	0.016650388837102043	-0.030496553935881385	0.03300622542906493	-0.03199006243695376	-0.002614536169244856	-0.0029710996092131396	0.012886776705630605	-0.103761571076867	0.022169213013844735	0.06341629875114548	-0.004392808270093393	-0.0040617775038744265	-0.027604090873199077	-0.007099545463143056	0.05767073034431426	0.009568933729541585	-0.08921041140937802	0.006674992141355453	-0.06046354717685299	0.0018447377445188935	0.06441097062865905	0.03594650074711812	0.006543992246584814	0.0008403346289976788	0.006018947449732938	0.0010265427316189523	0.0383937037085053	-0.05488323325114231	0.01727450336782292	-0.0010154186792701572	0.008741346296486076	0.09401534804406506	-0.012759543097061652	-0.04654062654215377	0.05345656928806532	-0.0900007732584927	0.07328788455986845	0.018776788187925803	0.040800524034051856	0.08164455186858288	0.015079380268170356	0.016075827819936224	-0.0015201629888382494	-0.004826171617849623	-0.00028674141792180206	0.053895577639225506	-0.01890528581986037	0.14443075369996888	0.00471803384198664	-0.005518972377886394	-0.0034590298422401376	0.013003802747138948	-0.0027233170434424313	-0.030461370767626998	-0.006996292618209999	-0.0033975065855866627	0.06901045885607719	-0.01480723000637581	-0.13657117267772337	-0.06981258304611938	-0.04224895439626415	-0.030949946237989297	0.003469138546892304	0.03158827727144973	-0.0007352704506616041	-0.0008664947946257227	-0.0005955794122339451	-0.005726146237734203	0.022216272457590364	-0.0802267079223317	0.2014862069825688	0.015849368550105967	-0.002116085851374256	-0.0008329143801835252	-0.0044247329382605316	0.017578288233568905	0.00033178080769180824	0.02127733217555846	-0.006209839985964766
0.15999937916845117	0.08215759530735683	-0.03332288636426098	-0.0019815290667048787	-0.017941481546084184	-0.017330420707698798	-0.019052482930788817	0.01177176496898033	-0.008433803734174994	-0.045120667834201766	-0.0002057891277569214	-0.005462249427152454	-0.05058746328775444	0.23448930772135332	0.08036291340101939	-0.011001058697351936	-0.006048290115280034	-0.0032545999875202756	-0.00792249971696823	-0.04063514257218269	0.02066211753589891	0.0036998763588351256	0.014786697378777296	0.013814862077133007	-0.01988982352105366	-0.0020272582901141823	-0.0203601447930662	0.027792372633972228	6.345643584662536e-05	0.00544662736625704	0.021454610022142776	0.019951934231639053	0.012771002890591632	0.054249857166513184	0.002677678507231904	0.008881702104598528	0.01796104514749687	-0.02886841559485354	0.0860996670281323	0.03206357669635864	0.01177219182524754	-0.04157473255026823	-0.001265366749071649	0.00758878713766827	0.030498123184571166	-0.005430618813705762	-0.06428360135613097	0.008856601120303523	-0.04751028669820828	-0.0003047274113324614	0.05024538882664594	0.03883885669648127	0.01499758809320351	0.0014882015911637067	0.04325713655617904	-9.683085501597038e-05	0.006920488966671298	-0.08212114262760357	0.009746086029271893	-0.0029178938367177194	0.008405681790918345	0.015133716550319667	0.140490115376889	0.010127991049644545	-0.010276840700150561	-0.028067724242218737	0.056371780903525015	0.005691361700028545	-0.0031435966435549513	0.03385467524486993	0.00943145732279691	0.018071159038571507	-0.006685346800560594	0.0029154583984310925	0.00018919904851475423	0.014505397196672596	-0.003940905730564073	0.07921997127660534	-0.0059290007537245145	-0.00817841080707035	-0.00396640389491105	0.018904330510576262	-0.05992212727234388	-0.046822012636908	0.004343297432118131	-0.0034311790118880105	0.016323713495857147	-0.0018244553032570054	-0.008336150277814895	-0.14693938596083192	-0.0661365541328404	-0.011513272809924256	0.014119271121295416	0.03678596534763918	-0.00015462250080436292	0.00042629696245849533	-0.0012236671222517234	0.008483527144674085	0.00977598573037207	0.04022881577349861	-0.03070183978689548	-0.0023385642742672907	0.033106029528640585	0.0016598053156021116	0.003788560625244953	0.017578288233568905	0.00033178080769180824	0.02127733217555846	-0.006209839985964766
0.31562226293344964	0.292420625048567	0.00642207031813575	-0.11627249516342507	-0.16059266787198911	-0.004477286713526535	0.04309020258089206	-0.1192481329426305	-0.010311912742952888	-0.029116081824610427	-0.0027926982626050915	0.022303661996747444	0.026372290342735128	0.316080476511976	-0.059654019637793966	-0.23548786671363317	0.012979238433405288	0.008105472397891578	0.014497791196517213	-0.023398130330063566	-0.1447524467105372	-0.00011949721184981022	-0.539974897205013	-0.13157794194662065	-0.16838997433829905	-0.01266810056369849	0.11924613246220793	0.019444623596327794	-0.001550181031905927	-0.01814871118969377	-0.008486955338816196	0.15242701678895282	-0.08424172153926056	0.022251867600687897	-0.012166773444915584	-0.05798430260180765	-0.05281837814489469	0.30284548843620557	-0.008964059535151569	-0.024201613545415036	0.09335305544901792	0.10235903855774128	0.04472121172042074	0.14050011427319584	-0.1377945823433612	-0.00134445656984391	0.03924507061767304	0.047710272019197066	0.0647464516962957	-0.006011196995897816	-0.04068199359087773	-0.007940989927064828	-0.008048604926481823	0.0006693144279398257	0.03104613710874684	-0.003939431747407524	-0.02402094684878682	0.014729894337309505	-0.039130072384056115	0.006463187892890026	-0.0032497427872340665	-0.0882444657505083	-0.03849346092634637	0.05940391446527555	-0.06039278721254164	-0.012369300008291634	-0.014157182493475206	-0.018118836953647417	-0.023215735005666708	-0.08922130138397998	-0.008104654012492657	-0.022896447500374357	-0.008946801719450212	0.0041303036801034615	0.009703271859377246	0.00189212537819606	-0.003643079106245113	0.0029565711111720506	-0.003683189039120989	-0.008351169122501311	0.0008757600500773546	0.00396630943304353	0.0069752717265675985	-0.023865494898315315	0.00796105082701751	0.0074672623465531175	0.01471761406897469	0.01639267498682467	0.07777579178780114	-0.06488166459151996	-0.012503437121049458	-0.03887308345254051	-0.0005331644385995379	-0.060578244701773455	-0.00010913630109751074	0.0033433575458943514	-0.00022093512464542182	0.0010891602394963015	-0.010824880533917731	-0.04010144811956978	-0.05039442691226453	-0.02030965913254843	0.022596627779653482	0.0002905890591811241	0.003295265201780651	-0.009055481817293074	0.00033178080769180824	-0.03951504546889429	-0.006209839985964766
0.011639876041832115	-0.03998131907671593	0.05939204655011355	0.01758895708197953	0.007780159187358536	-0.10357022492931166	-0.013765251389538494	0.0396667475091801	-0.028685365113387422	0.024321246114076663	0.004999895787309657	0.0016309349043160959	0.007893327216933395	0.3556271593795945	0.04817739476588892	0.1975197094679536	-0.005594513988363441	-0.000968502706070148	0.004353356456980944	0.09197231196430564	0.022078367875273813	-0.015308651059894868	0.07721335392352098	-0.01821945367241228	0.01932610735112455	0.0012066658980542098	-0.08605568028053541	-0.06613815137755762	0.0004619405495603236	0.004707475964202796	0.007929628913812157	-0.061360284829799536	0.06597795729316062	0.019095728629591684	0.004625164548527178	0.013527243133292177	-0.005291705454118987	-0.13480084480438112	0.0228317557378033	-0.025092647174696763	-0.09911982099221607	-0.045288615293817856	-0.023714054602165763	-0.0074702125741832655	0.020408810604232167	-0.03140469461776838	-0.03368646693987038	-0.014313717759004786	-0.01702516035869598	0.0018210503737616478	0.033806650353883416	-0.006623029768934649	0.01025479000238476	0.013325216577824026	-0.021291959970860228	0.0012920417637523453	0.04097845813407457	-0.10852420525028922	-0.011588536446763317	0.0053864757230933005	0.006975274810216156	-0.05110553033391844	-0.05814928468145418	0.00626657014260738	-0.011341913478881251	-0.018201366975451792	-0.04891670171133261	-0.008226243955003577	-0.02827959950755494	-0.00019336968803891792	-0.003094343908902922	-0.005561132158455505	-0.00018538854123964607	-0.005696627470828436	-0.0027901167070988908	0.010470486686619561	0.0011065640644547692	0.057864500920691134	0.008311388036644211	-0.012091060512689546	-0.0014017782448609952	0.016955816096451932	0.020083617022298546	0.10077288357070213	0.011013424233952877	-0.02111301208345841	0.06273382958439179	0.010679719823402715	-0.022435251213853508	-0.010624625149575538	-0.03737613119138265	-0.039198507750304125	0.022982329466247755	-0.060247124630213394	-0.0014952103702270756	-0.0005992753239742738	-0.0006526359217637361	-0.0045073227013127356	-0.006383148163092168	0.058555477571887324	-0.05693968479358847	-0.024841712706179922	0.011594396683073525	0.0008316508284897376	0.0025677068201296997	-0.009055481817293074	-0.002038082104392536	0.02127733217555846	-0.006209839985964766
0.11413852122753831	-0.06038903499869649	-0.040903381673897836	-0.040051153887826846	0.015295817778435259	0.02584144442634902	-0.0042314099018568	-0.04343359993552257	-0.007928050260262961	0.00860318221929351	-0.002041955312350758	-0.027949311313183407	-0.031947543350763656	-0.1673837957252835	0.06288348783908669	-0.05120131296069792	0.0019002149138799135	-0.004849754927730515	-0.006559365556844571	0.005189749882634393	-0.06476259374003489	0.004514834001295901	-0.1091563964346577	-0.09442430024106649	-0.08574033004282526	-0.005623923597789913	-0.014030390142257071	0.08412998237043504	-0.0017870610161771388	-0.0027987487608923498	-0.05857650292631486	0.08260007104479977	-0.17577396957644775	-0.022096823881672667	0.009002095507545688	-0.012305733181602543	-0.007150941591840172	-0.0010637279811920896	-0.009156759692358756	0.04109271525647865	0.09483644624512146	-0.014682728885295707	-0.020303265167215454	0.040489266916974985	-0.07765663661360438	-0.006993714859814952	-0.00870267792864715	0.06164463889718568	0.0409685051324639	0.006550480149082561	0.1243196384010777	0.07806489330845988	-0.00889114966984859	0.007384364210814473	-0.03509425157274315	0.0006650337328834794	-0.003550212956205362	-0.01829449137561883	0.0054321868403518925	-0.0033709676976290434	0.0021301467784474054	0.019048806984816244	0.37854737825024726	-0.058154103060588616	-0.025549470572027173	0.06853905097861385	-0.09811503538340781	-0.0012626249680320785	0.074409031788759	0.15101028671516764	0.00010381162560252862	0.01960161854047819	-0.03417153444413125	0.00024812974633074653	0.04138200785002702	0.01922016838277819	0.011757640855616681	0.13195863414370732	0.04537467543756211	-0.02071188028696561	0.04288333524298867	-0.03781777760431677	0.07768843637053374	-0.05897678049028621	0.008839752435154537	-0.013636909115237341	-0.051864386554498036	0.021692719397523215	-0.1589755244680359	-0.12003843055258809	-0.06612554648879022	0.038753195938247186	0.018019911496388232	-0.02797737136473396	0.000625793334654882	0.003598074735565987	8.593221208906622e-05	0.003261797616425189	-0.022488382870173202	0.0872835914607672	-0.004112367006409802	0.02248052696096916	0.007241406598129117	-0.001130819830339574	-0.004250194682310895	-0.009055481817293074	0.00033178080769180824	-0.03951504546889429	-0.006209839985964766
0.011887348902527912	0.04545228359252922	-0.019367340874274507	0.003952158480005003	-0.07020104880229965	-0.06822384110668933	0.01522717816310675	0.027667005232125202	-0.03000496560611308	-0.07275642970965254	0.0001038127845883357	-0.011478814073307041	0.008515774838694088	0.020639198774272196	-0.00022265588038657694	0.08847696458236515	-0.005529213436377112	-0.0018585884933793348	0.006943700317953855	-0.03696901981299288	0.05319822616527711	0.0030725334661649067	0.08880542840029498	-0.06396112509755594	0.01630344986553943	0.0014405288945795632	-0.03372240335927834	-0.030801671220173053	0.0006960192240101226	0.000348826374266956	-0.014305387486446323	-0.022401486815350025	-0.0008723263331024663	-0.027367632295133663	0.0030468089207201844	0.014262969706467088	-0.0037682447859916464	0.003659561698069452	0.03256670382558514	-0.07071954660195276	0.013117359286518446	-0.04355266551985972	-0.014757205071835842	-0.003162121405849452	-0.015312802533905294	-0.007627334108939735	-0.018226560775120464	-0.004804646255055628	0.03685489621999327	-0.012966364752372783	-0.016093168996810358	0.044319234209861204	-0.028290838451466255	0.007731485083743213	0.07026631947961823	-0.0010120377065738642	0.04912770219196823	-0.10895495619861942	0.022061430450922754	-0.002532077014737383	0.006573227542240495	0.003333129111388264	-0.21839166602864138	0.033960263659389464	0.01571807645623839	-0.012191725122225272	-0.10015723310873482	-0.00022123984950183197	-0.019016319027030958	-0.062187789366918156	-0.00497137905710412	-0.009109645141793176	0.010864804393480294	0.01017182073242078	-0.005233278314122907	-0.0070036141145722285	-0.002383534236619699	0.00967338107257514	0.015805935719442967	0.00798242083801218	0.003097850271372816	0.0007410115627373871	0.049045991273548174	0.03121411577745495	0.004776350561311976	-0.013939083772080254	-0.049377020195013666	-0.020754772179056146	0.08444626153699196	0.027101852677934888	-0.0035881977598627352	-0.018563046103250002	-0.017839931350431344	0.01570850895727008	-0.0020789967371679205	-0.0007945185434335224	-0.0017759761865038634	0.0019354309120770037	-0.005157726325809489	0.011479656632096921	-0.08900125335062732	0.0548886867219788	0.0041689303076844104	-0.006466580067922868	-0.009804499729397355	0.017578288233568905	0.00033178080769180824	0.02127733217555846	-0.006209839985964766
-0.02972115685964796	-0.03537930676709083	-0.047750109317192174	0.009662474999125498	0.008845496659251077	0.05800459284255711	-0.005566866455498816	0.00046811031047787034	-0.010113171703421579	0.0018039813507595619	0.0003257792563763407	0.00927591651039569	0.23269104210841415	0.10338855347645419	0.02036779497317273	0.014758815858845661	0.0004655082051536181	0.0004052115611835599	0.00360884416602772	-0.04037011131311947	-0.019507371064874598	0.006242844804666676	-0.004754159403512303	0.014487382167872077	-0.0005151520070929516	0.0005665292071138539	-0.03273402203794866	0.051441684054603344	-0.00045502529713391064	0.0027397361138697188	0.0025923163050038645	0.02091118014966285	0.01841100421808116	-0.013956210170493578	-0.0013089154975762793	0.0050020604936979384	-0.003687345745907253	-0.05822478255385479	0.015664374288082004	-0.06416354910353532	0.028637424137879636	-0.026631174241238013	-0.014943944211778241	-0.01624794910012203	0.010104801041917015	-0.00843978121375544	0.0161983931776713	0.006264418463766616	0.025695981088010054	0.006093723482522961	-0.048450307066250996	0.02060891963833995	-0.030764848915941993	0.0005222779705853121	0.021596686758675713	-0.0002067277974654989	0.11748785174871877	-0.10068476557448164	0.013957112745021738	0.006906485872919901	0.00580113191033533	0.048389658464603455	-0.01500081542589718	-0.02383852051380002	-0.008689849652809804	0.03234386412546551	0.021776231014037327	0.019207963250139657	0.03086046886242945	0.03001140491652944	0.0063405971231527405	0.011901955319259432	-0.016837338181255747	-0.0007486522404619988	-0.004540408771459762	-0.009329024216351409	-1.9227585173306113e-05	0.023720913987543554	-0.010449715968805494	-0.0015579413451677828	-0.0038434445941683457	0.00541681626193816	0.04125542283687978	0.028449000665532027	-0.0022643625167702427	0.012078060249729423	-0.0039760060916430124	-0.03498705940592979	0.02094961403882931	0.03382368396945272	-0.017850546698129983	-0.040775483004962504	-0.008137261888503911	-0.00863410116859557	0.000910381047502285	-0.01192339929402941	-0.0014490760468883787	0.0038828718578085195	-0.0035432517248769235	0.09122675558924298	-0.11860426016122053	-0.0048998270912032444	-0.03425229899424215	-0.0005234875703844065	0.001711817142085862	-0.009055481817293074	-0.002038082104392536	0.02127733217555846	-0.006209839985964766
-0.07553432970580458	-0.07200926970462673	0.027411070033368793	0.048846819973381896	0.04347064358502944	0.03116276616292849	-0.019000853111942134	0.07078859864677252	0.04998893753035658	0.0005867519275095894	4.007428672763014e-05	0.010078761596695183	0.12278297870759	-0.019952828756850446	0.024473517673103618	-0.024687978057804663	-0.005475071067819514	0.001031415256603235	0.005973682926869842	0.04430562406744676	0.05354445697364795	-0.0033686106532176707	0.027628527842264522	-0.048277275063023775	0.0025693223098950725	0.004715308925734991	0.031876497398996034	0.11924764526944272	0.0010663106645555792	0.00019036879638310159	0.029612696855110605	-0.03601455255511143	0.06326266754822527	-0.01701559821926865	-0.004781556889450495	0.013055511796184078	0.018471795373385492	-0.140906625507477	0.016375033188198617	0.03521918989676625	0.02288889943445343	-0.0018983153950304949	-0.0034818113815775842	-0.02795286116608849	0.05588103837672965	0.005897510284699209	0.0032058812689961546	-0.03960400546269786	-0.07019598513229568	0.005801825563926724	-0.07256262510178588	0.019371247852652655	-0.04097355639427285	0.0006332359050221664	0.0921617525715196	-0.0018338173356189846	0.08036191778137396	-0.05533780386447788	-0.006977174967912148	-0.009428681888405073	-0.0019391887180828502	0.02077983708762579	-0.1657262632357045	-0.012237272589343888	-0.013987632878300677	-0.0012779721047464607	-0.04375124456935465	0.009001787750435393	0.028038679399904908	0.03162668550488372	0.0032223117153951605	0.015526861983531013	-0.003101253494766987	0.006659611673271956	-0.013683296344119435	0.009698257752621417	-0.007042767848834184	0.10536461097029932	-0.12792610250054898	-0.01374057351758477	-0.008996390211858345	-0.03781777760431677	0.03043734605960683	0.004683684635991468	-0.006025425167891711	0.0464073531109676	0.053893315211582485	0.014950868439654492	0.045861846063451464	0.025177755650017546	0.014809933494949757	-0.050026191445952155	0.0033004639090153175	-0.00961898584339468	-0.0046417148586107475	-0.0020565993201043667	-0.0007407414672688873	0.0016840342682701219	0.008898336100647273	-0.14091241232801663	-0.15675045509854751	-0.0034335414530015404	0.01733243403923516	0.0001562849255922522	0.00399708083737587	-0.009055481817293074	-0.002038082104392536	0.02127733217555846	-0.006209839985964766
0.31717800055151324	0.07350761368768445	0.005758169253446425	-0.0753774052785181	-0.021881354522570236	0.16110011424317158	0.01695659672158394	-0.0740026550567466	-0.02777058686234132	-0.10883857732389926	-0.01955716002651248	0.03705597587584986	0.0238509788745955	0.328070805784196	0.032735210874181124	-0.2742314163070895	0.0026490675569081426	0.009024041493257189	-0.0004845206270280825	0.006758099202670928	-0.10282894261342858	-0.0007305726545498643	-0.4515003765277696	0.02420309360300035	-0.0986137886890671	-0.007036248881029051	0.20191854132421508	0.21024280621134814	-0.00398191525178395	-0.0202377274734094	-0.026212821389665186	0.25551518460838823	-0.14817471543689134	0.1467222956021155	-0.023426939692302057	-0.059134974731737074	-0.07076996361125353	0.32398681785952677	-0.008495231220776318	-0.024977462910106597	0.09810201295530097	0.05205012823745878	0.11744451268222622	0.06001478276465567	-0.1414696204118371	-0.011657890024226914	0.16561733589675234	0.135218567223488	0.11373040530497634	-0.008754049533132894	-0.1167289800362232	0.01867687701011142	0.0003308669822888811	-0.003775139808256823	-0.013592434281228926	-0.0029049733347377405	-0.34166194535474775	0.1437654998262618	-0.16884706311730574	-0.00031026006888189766	-0.00958457761710867	-0.007735474012995498	-0.17294028877280823	-0.0018729025920378945	-0.013131920164776538	-0.002586898255625697	0.02648708091067433	0.018093730389893103	-0.014704881604114772	-0.001437758312004752	0.005814811315866911	0.0021696091105078514	0.005988711556661093	0.010362550461752076	0.0005424265764656769	-0.011599692681856792	0.0022998665690734297	0.05800276602370423	0.02270555806117543	0.0025863166243444867	-0.006998413407475446	0.015338065195569742	-0.007596397198396824	0.01050968444958119	-0.00829343374720656	-0.007492111905441618	-0.12079486859519874	-0.009874727872943353	0.026092775520837014	-0.008659523417028967	-0.004705417253093429	-0.04342291853184521	0.0011568322028437184	0.010764156157693808	-0.0003422357100190071	-0.004837871706622427	0.00110936194161243	-0.006193168248937079	0.026627213148994643	0.015740886643466512	-0.021793512209925765	-0.009908389343975019	-0.04609996590538215	0.003336865854158419	0.00561562405873831	0.017578288233568905	0.00033178080769180824	0.02127733217555846	-0.006209839985964766
0.005046850702175959	-0.026725066755571965	0.05603346784495926	-0.016431222791956378	-0.046293481114820574	0.07295193190404219	0.024396894316881086	-0.019939982917781755	0.022461630323772335	0.012058255688725187	0.006199085352612913	0.06061024131994712	0.18596017903938378	0.4060161975273928	0.04314489653335039	-0.25634191446052007	0.003076112837712558	0.012887092514076147	-0.00667091558159006	0.03717225306518804	-0.04046149486431061	-0.004991195006894652	-0.04959172053043943	0.020594278356139178	-0.0991577619291168	0.00035354286927797673	0.2703071589933229	0.14103856991321487	-0.002379434562187109	-0.02267932778956758	-0.02613117029315578	0.10711137824597641	-0.1541198137844279	0.07844340002018806	-0.026656338300139158	-0.05131665737522927	-0.04822274468748627	0.08107437729152998	-0.07158215580317079	-0.05515594480151585	0.1054090181305953	0.046380433645669523	0.2127674809151673	0.018293549646611864	-0.052772842274564136	0.01727529443956353	0.07155340488110393	0.07449183972189549	0.0901610522756265	0.0014464208947068092	-0.06191085698075288	-0.01250756028009387	-0.003681554376976966	-0.007660430393542226	-0.015164720813873859	-0.0016854425473700901	-0.27825499801673415	-0.020492190337974885	-0.04878586195266191	-0.0015186220609665474	-0.013988765170514316	-0.011765987105372095	-0.06565510289476446	0.03632967319750916	-0.04817682508793981	0.0032808814614874488	-0.02318964817196619	-0.005133147280785027	0.04117848901919624	-0.07689789420916011	0.0036413816222268715	-0.005934896618987834	-0.010759507392419106	0.009813607817810058	-0.001324995945236394	-0.01187443087428212	-0.0011077118384548652	0.06464134976242432	0.022863711636529456	-0.0012892760527558078	-0.004001203788743975	-0.03781777760431677	0.0034710322319592046	0.11324971103704842	-0.003239501321879944	-0.005728863375781857	0.0403852570220005	0.013633818391401613	0.016576835512474845	-0.045578590495962724	-0.014012102633873475	-0.04741698562330253	0.006331757001243438	-0.0080432291610911	0.0032419019977235983	-0.011300466018033589	-0.00205673496442991	-0.003971990476481883	0.02017861093109562	-0.05152708218697178	-0.07278875135148279	0.033022537319174816	-0.007445332333112571	-0.0029236325622683853	-0.006719731388113057	0.017578288233568905	0.00033178080769180824	0.02127733217555846	-0.006209839985964766
-0.28538730987959715	0.0547980639435046	-0.003572833062063705	0.020317948617561248	0.024293655791491887	-0.003132440406911366	-0.011866737194444326	-0.0014457288419239772	0.021874863923938823	-0.008911309371375825	0.000957333178474273	0.00744614931737148	0.0273957123825727	-0.09601763632112328	0.05063028670116554	0.3017770522591565	0.004550475458148275	-0.0032843554542771754	-0.008429641044417109	0.09192613889492128	-0.05579482330568176	-0.0022021878578981206	-0.006323180575819336	-0.004036563373147222	-0.014596653003489722	0.0014625083250326626	0.03606284461691482	-0.03245381705749709	0.000868782970784491	0.0013725828203468527	0.014622685379682546	-0.021395624805919826	-0.01279746127333437	-0.06775697261109935	-0.012717241596018291	0.0001380942576216371	-0.008844387705278626	0.08022703224874286	0.007845100570757164	-0.0004901950266668653	0.052210985816071274	0.0627783724879241	0.005761116383231644	-0.1532084235796135	0.028207542030013615	0.009595952816831375	-0.026569874696758124	-0.03495226983372894	-0.04354353999421238	-0.0003826511813302556	0.026603612307096337	-0.008782095176077448	-0.029193934936191625	0.005716591668781869	-0.010284700515304099	-0.0012286539099323204	-0.03282524518926505	0.01525741662596266	-0.015269484364948835	0.0037934137385056354	0.0006286568574341172	0.012484513579644538	0.12273067513648096	0.015177266301134177	-0.02441454473903222	-0.03580894985531187	0.002809195011402414	-0.008999224678748937	0.01258675697088514	0.03299959200646902	0.0018698808070738023	0.005330239986881782	-0.011273181158504796	-0.012481777946863953	0.007560781375751299	-0.0039034167174061326	0.002051378244607062	0.036004022602495196	0.022447775020869237	-0.01581927896455056	-0.001710755925587975	0.009376520492836372	0.03577506635260691	0.0017950110351831019	0.005858761290752404	0.0017794128946997776	-0.024809012990440468	0.01456397911811009	0.10549858384245538	-0.09211247935904295	-0.012605130697599113	-0.04062185343329609	-0.01681248619481769	0.014069683761413406	0.0020673744841781866	0.0015271520069807289	0.0003341013074243722	0.001795542676637217	-0.01921837758381166	-0.026268352153497265	-0.16377274764217634	-0.01627922518809399	0.005278843826380248	-0.0007144309351621531	0.0037609510761790655	-0.009055481817293074	0.00033178080769180824	-0.03951504546889429	-0.006209839985964766
-0.07071164543973706	0.01706079572448443	-0.033312107401595854	-0.009644089905519189	-0.06569038279188226	0.16110011424317158	0.02479941564735509	0.006867807073464581	-0.0118818828451329	-0.023591821432679808	0.0005187080822942882	0.06966409787967016	-0.08008430723099699	-0.2828768616944127	-0.0263754751971371	-0.325092574853714	-0.003931847507854273	0.005895273354705766	0.016680733000543	-0.05172811252220755	0.0009562794777239394	0.004811473882648258	-0.0018786323111397436	0.009070543603175356	-0.019044992121210073	0.0015438766892992431	-0.01347937841467641	0.020588767609992606	-0.00237913817293296	-0.01320379066895495	0.014942290652825568	-0.009468493307510407	0.03988777031021076	0.0700350921932363	-0.002738150596861963	0.0020230284568984727	-0.01138584734959166	0.03266848516922616	-0.27598902340202724	-0.07376982651551907	0.04468161904128235	0.013578999134110037	-0.07256044725050675	0.007789557831540524	-0.07803012161132296	-0.037975834446600014	-0.04673681306765536	0.10507954202438018	0.051593716009786725	0.0035177200361745918	-0.12730526565516195	-0.04955685168671716	-0.05797270623961769	0.0005732021915703673	-0.028164639492442505	0.0019763097533964783	-0.09239873173777231	-0.06288957534431106	-0.06165942577773713	0.003177085446602843	0.0013463400522835665	-0.005323566289255192	-0.15273001427360008	0.013879645109038856	-0.010446652172192627	0.013916666567028594	0.02236860753133713	0.008059352289487355	-0.009426339419616698	-0.031347963574115886	0.00256512136790616	0.007200133707376362	-0.011949286757614645	0.008358373807868929	0.005838792044978483	-0.017864634368365852	-0.003954852286301613	0.007698707905594088	0.022825471625389504	-3.4679196188240435e-05	-0.0053814381985308425	0.013895648157579914	0.03601216464602461	-0.03831996699413242	-0.006431592014460607	0.010622853704251662	-0.026726794066824853	-0.001691593826052258	-0.11676620086471177	0.03968968651495743	0.012244262423790639	0.0018549031059531692	0.005370852891516968	0.010871028108786658	-0.0041477334614855406	-0.004185191575997823	-6.452098354570999e-05	0.006959274170073031	-0.001876297882191004	0.1028759908622329	-0.06928943747629135	0.03591663805267754	-0.03719489863716176	0.0005344012510567029	0.0049680090256514035	0.017578288233568905	0.00033178080769180824	0.02127733217555846	-0.006209839985964766
-0.14994915658742786	-0.06112835870557081	-0.006111315343851763	0.03729180291424481	0.047285715977253735	-0.05897343725126203	-0.0025794318338952208	0.04249614438041823	0.01203124739214095	0.004234588554164347	0.0009499096532453963	0.03908399592709449	-0.11689756659866676	-0.18571835410287688	-0.03135941255512351	-0.10417459947094794	-0.001040656214591629	0.002384049205249081	0.017782249637778393	-0.031478335597542186	0.08319196362090792	0.0007062773261648356	0.06510622131349267	0.07253045021010845	0.011755984572394804	0.005896398315030976	-0.13193069491519505	-0.1266370134123652	-0.00012161355362615889	-0.005255861739922286	-0.013620975403191588	-0.11240003565232944	0.04902884342692163	-0.007362382106199053	0.01199145033223013	0.009777342346804534	0.004420508288185721	-0.18766100171494246	0.0785186773373564	0.07397762586354918	-0.07142464361906277	0.023957472531733467	-0.05164484399283002	-0.03162248546398678	-0.015166263308860896	0.0012355979829331942	0.011731366677994176	0.002558042371583707	0.3654844145751335	0.004894421885027999	-0.11180989106860345	-0.04955685168671716	0.03307578473079824	0.004406051519439412	-0.038851182562088395	0.0021111602540153742	-0.08089381532435826	0.07557890217133088	-0.004265989794663409	-0.001996679326881379	0.003513791340838406	-0.04526095769394469	-0.11777156359848001	0.01229894899935808	0.013437752910124952	0.027444059954261673	-0.002662615448956212	-0.009421636232186684	-0.036680877155563306	-0.0652871739852115	-0.0022640122754340464	-0.02302479940937855	-0.007843189572382466	0.007120749693375532	0.0046505579591521904	-0.007163545059314044	-7.757027570840296e-05	-0.05932046480312476	0.01525354670604631	0.008173654776770307	-0.00706179146444267	0.005572084855368937	-0.05992212727234388	0.022754410910657805	0.0010263927119509083	0.02223401589225881	0.04555506532291938	-0.011758661627038874	0.12748111666060657	-0.03911356204820713	0.003659358999377054	0.002191381997928579	0.01556865626166447	-0.03104664542374943	-0.0013507339914057069	-0.006826298423986252	-0.00039570870633386394	0.0033171936561366792	0.02157586873581522	-0.041489230754846694	0.07005446390331525	-0.0023304386440436233	-0.009097054243377728	-0.0036160586421700915	-0.012272098356269736	0.017578288233568905	0.00033178080769180824	0.02127733217555846	-0.006209839985964766
-0.09911384114603537	-0.03729147295659251	-0.07129876298944654	0.010179211942038068	0.015499756229537054	0.06937600829526698	0.004348725272544956	-0.001940921578213869	-0.03305600054303245	-0.10883857732389926	-0.01955716002651248	-0.021744759354514642	0.10107380697696035	-0.4452014726104127	0.014092049723655523	0.08883261335036866	0.0022806599576949325	-0.007289109158208194	-0.017428154781784118	-0.12649865635499088	0.01786750147613208	0.009341605277477696	0.038676968837878876	0.02006102466863467	-0.020737069433962002	-0.0003224638468994061	0.006000700282054207	0.10491014665414418	0.0004361020248701312	-0.0006790673232312195	-0.02421748593989391	-0.01226544253548899	-0.06906928158450093	0.02286775300039758	-0.0018779447785750628	-0.0010970969183326177	0.012802063595512508	-0.11920432122531678	-0.10773990093610106	-0.01380807980881107	-0.008089856091762779	0.031073622589684234	0.062397183470225694	0.000722998663471089	-0.014618449011581663	-0.016829823001400374	-0.027829557471559692	-0.02195518238410656	-0.025198702388197606	-0.01578433704873267	0.0026301406891858716	0.08778709991060295	-0.0018483139227813898	0.0013983011867038288	-0.019828741764220465	0.00044677427751274617	-0.10438323856512233	-0.08262896258429703	-0.004131228570329575	-0.011911667195450025	-0.03268894648630831	0.018609519558350524	-0.33523280885044776	0.015897177410102954	0.006608571741227743	-0.021359858569674567	-0.02166882302982606	0.020142168280961173	-0.006821293645013752	-0.00807709639240308	0.01446779275830194	0.005892229386510107	0.006690637164733406	0.02219401023990147	0.0003402896302568296	-0.004146172366729522	-0.0024413391036366733	0.09380118924023653	-0.12792610250054898	0.016163943322935307	-0.005128617259546315	0.012457987156190035	-0.05992212727234388	-0.0971578799520651	-0.0004823364610637908	-0.029728696889843684	-0.007023808369282423	0.006234096492646932	-0.025832099634576312	0.04368289875849388	0.003956563227666819	-0.0044540568302247835	-0.006026511971916283	-0.0031080453944120857	-0.004557156808192531	-0.00309416227065547	-0.00145659514186406	-0.006384532679665672	-0.010499871566779808	-0.03862846686188817	0.03080235304237376	-0.017178719341131524	0.030876881306462964	-0.002551782874001202	-0.011484174857566034	-0.009055481817293074	0.00033178080769180824	-0.03951504546889429	-0.006209839985964766
0.11346661935867146	0.10865001727762846	0.04874187523182571	0.0006002315948832278	-0.016002378562310134	-0.05746589313450283	0.001531465224344	-0.04525959643310187	-0.009114729471033556	0.05427608567623657	0.013467946435716421	-0.003276176571835047	-0.0057799056423452596	-0.04041045338376928	-0.0644244337410693	0.03422449533472267	0.003114595013782966	-0.003726116678912132	-0.008390336837800117	0.05601459466241745	0.04258818088980537	-0.010671578465560777	0.05263644133367751	0.009798832906085957	-0.06462225581248386	-0.0023917224262205374	-0.033312434169567764	0.01645073704227954	-0.00020707836830211504	0.0018858798849145954	0.016195866396957963	0.04819166185147569	0.008205432116717776	-0.06481320260092722	-0.0036213737604246605	-0.00888379094027217	0.036732746398245066	0.03478235658946805	-0.0076982620958175145	-0.11031866993117366	-0.059315271713332875	-0.0024723299086793714	0.10068074399498139	-0.000735260238798807	-0.05235718492179131	-0.006998180783780635	-0.04242537269035207	0.0036878021270682123	0.019029141285195086	0.007018797805025999	0.1199527078181454	0.05793242099010196	-0.0022573321247851374	-0.007751426831635855	-0.030729346245140884	-0.0003893099555641797	0.04750490128144366	-0.087563375386448	-0.006550478897492124	-0.0015369961352987747	-0.00480017691859233	-0.01798652046729102	-0.3968081527831686	-0.018185652365625936	0.08404925629954572	0.04344828252004756	-0.03761686864887964	0.0001738625748073958	-0.020027955229765464	-0.049833493674584395	-0.014334031113192465	-0.019459190681020862	0.004705593778796068	0.0011696185915641636	-0.012225309076695286	-0.01974002987669032	-0.002504180735641613	0.022006315405793543	-0.014073624231986345	0.006952544540497189	0.001274062312590728	0.008951573354735377	0.015836604138791774	-0.07111039471774816	-0.005508298696598153	-0.008908134749192435	0.056922653094590124	0.019855577367202035	-0.04754042374124716	-0.012393186956143797	0.0010774226439980875	-0.03788502718726434	-0.014735503881967177	-0.0002832259925007844	-0.0001091429092214217	-0.002994324423629076	0.0010249647194811157	0.0027196648488177267	0.015173045862012687	0.08921133137019119	0.1836645527546915	0.0466737543855476	-0.017271094792095886	-0.0013217836916680026	-0.0003948728061761602	-0.009055481817293074	0.00033178080769180824	-0.03951504546889429	-0.006209839985964766
0.12285152286833166	0.01117208061591871	-0.04404606971144295	-0.016264269921074423	-0.002465481233416336	-0.01455480439674914	0.0009234178078802038	0.007902425286407503	-0.028457707019684003	0.006500548532114288	0.0044852863696364514	-0.01995370778525007	-0.04005572304333276	-0.10320322443358076	0.010179625853799506	0.09185718997552547	0.0006685311937645568	0.0013579230187269963	-0.001731018561798791	-0.08221059069469916	0.08360042961438172	0.005266013101058299	0.10435273949319736	0.0507878323639487	0.03197593642860859	-0.0012530849516384803	0.043744305522945434	0.06283879808111625	-0.0009452841440692456	0.001853635546540586	-0.031241383343525064	-0.019724149235945083	-0.00936294310090419	0.048381126621132635	-0.00027231032184065954	0.013130661001857889	0.031232039271235048	-0.035717785235864205	0.008848736029493027	0.07262566231993804	-0.0033792202246620074	-0.017634384414897255	-0.0372809244969825	-0.02289767035762381	0.02461616485259319	-0.013695320495758697	-0.014511521577106267	0.029529067390493206	0.04653284651828883	0.0013997188098240105	0.024397158782623295	0.0019345532392355774	0.023609038855193096	0.002126848808608081	-0.006234375707906209	-0.0019056704286213757	0.0037272442708381343	-0.032798855577544694	-0.003285435608049688	-0.003968916690903441	0.0018980844778743104	0.0915975048404826	0.22035214167557532	-0.06830206137490656	0.030376398146024282	-0.04137680041285503	-0.007872080659850773	0.030956981863613914	0.09650200071626522	0.13286832874573767	0.014286639508362424	0.03861207511180518	-0.004519614512118518	-0.0011208511776099003	-0.009602799895088672	0.0036772512619069543	0.0006733688615163852	0.09869772711909336	0.010674415144348656	-0.02540522688539799	-0.0015336206083242446	0.026567739135363658	0.04798702232260076	-0.05049809395832872	-0.00923519823671835	0.03724303954135431	-0.01227417084939685	0.04353330973688039	-0.002672917994950219	0.2667152817900027	0.0887428094777162	-0.0023172049264580594	0.02526899092891881	0.02107249679228653	-0.0035677201000827315	0.007037582098269366	0.0015542882893933947	0.000774892518056368	0.015532352086898746	0.020571458836531043	-0.06325732617218996	-0.023365057182612146	0.01113479684918051	0.0008026981012372613	0.007191688244282739	-0.009055481817293074	0.00033178080769180824	0.02127733217555846	0.030318630519710326
0.08101042387778257	0.01801431326661608	-0.02655359902447959	0.00923274814282332	-0.04978610421293605	0.007115281420935283	0.010034326430207182	0.0629459200973146	-0.012929563639518407	-0.025978028481747892	0.00530662687237401	-0.022607567147735763	0.08541297363514692	0.16292557822827897	-0.0010118840047673324	0.11697133610746285	-0.019814409304408472	0.00015553785537771137	-0.0033105404554457617	-0.05849165523250267	0.11865164830926732	0.004619037439130227	0.17830843758187115	-0.03203169924067352	-0.013934935043814796	0.0024679024783216047	-0.020178720412248278	0.11947811948385974	-0.0009321182635280516	0.002794999065592857	0.009837491307760876	0.05628450063297834	0.07360178767099529	0.05745639298382854	0.0012601130437769703	0.001819234020452764	0.009723256305314343	-0.07998197555998732	0.04951452909823313	0.019735121092938596	0.024590896959116454	-0.010437866512685193	-0.02730063050723975	-0.016425296698017965	-0.016231753461287413	-0.001180645831945359	0.029179881060385868	0.046227042842987766	-0.027535047349363545	0.0011867690311721227	0.0748445080502894	0.011306300613944328	-0.03260511387049277	0.015933632548860502	0.09792986287343643	-0.00032401100699923347	0.11565206932690371	0.31032215507230854	0.01103142173418865	-0.004408657237880164	0.0014759865863041384	0.016782934680273504	-0.11877203563952238	-0.0027721098500329863	-0.03783382117564371	0.015491502658632488	-0.014989053049280218	0.0017134281882465975	0.04383973753235446	0.05415585823117008	0.011752738674859263	0.03783094869020822	0.0045191226025032595	0.012587963537449474	-0.006345196112384502	-0.024917033489947518	-0.0041879490732291995	0.08237495696378457	0.01301963242046323	-0.021694995657806266	-0.00799323533945286	0.039931546041398196	0.0628725943789921	0.003539690960539333	0.012137834928236427	-0.00158047308556853	-0.04978762067716809	-0.012888655345677765	0.08437373377635209	0.023608969218312664	-0.04953517940385071	0.09246528616188716	0.012474918679464668	-0.02044159731812995	0.003167210847418834	-0.010176678059531786	0.0004527262250627364	0.003184504315682604	-0.006528460029731719	-0.05321555136035205	0.061557779555901554	0.03527895110631393	-0.01902635993648478	-0.0004982959132574092	0.003974992542971408	0.017578288233568905	0.00033178080769180824	0.02127733217555846	-0.006209839985964766
0.34053215442419454	0.2541482628483494	0.14984004048973246	-0.08362146875673017	-0.08881652224049072	-0.00038520842035019595	0.02432206154765418	-0.09079918240264408	-0.009920765059064897	0.02023750193743083	0.007861700555918269	0.048957368702678514	0.07536102478648445	0.6276132077488087	0.010827938762307268	-0.2637382669606097	0.056953834783881704	0.008639878626514535	0.0033153918149954036	0.049541312371306996	-0.11514905374602437	-0.020748648637276493	-0.9427438284157064	-0.10233047071442718	-0.11235513283922552	-0.010699487205736404	0.22610609665685352	0.10777057001617132	-0.003278443565929379	-0.0236776099043155	-0.04332038504811666	0.21813810826791105	-0.1342705911812699	0.08253341625618006	-0.01819090403632868	-0.05467219560494778	-0.06550748036736274	0.3845908896280742	-0.002339454192560146	0.019654663731090326	0.09474886271757267	0.38131317032649087	0.10821674756423662	0.09391985053050053	-0.16144057179647184	-0.0035802944044383265	0.07053101584994872	0.10352754090746746	0.09339596385392127	-0.008105777346832871	-0.03913470012073325	0.005366011436469117	-0.02532512047651339	-0.0006814768672479233	0.05911349386471572	-0.003317589094271777	0.08079732830233614	0.042291557302530924	-0.16884706311730574	0.010224259802048217	-0.009892244267323547	0.0621940766376681	-0.1300594898119795	-0.030626888453541327	-0.012804539776815806	0.012966390442976294	-0.02925417358698409	0.029021042122549974	0.027669391743196665	0.07231281341869016	0.007185128724146849	0.026234171656343768	-0.01464052907985856	0.0077723759599794	-0.005744379801178518	-0.0013027091706709565	-0.0003169647249510244	0.07538702846604461	0.005055975985600155	-0.01246828045978891	-0.006138877160698356	0.033516565372780874	0.0391293247703167	-0.06601694533427022	0.004120634775991997	-0.009532990794817876	0.18613747052812923	-0.008609166977757947	-0.06241488617074812	-0.05562073954895371	-0.03826722915875603	0.05674094463582072	0.014739713514238428	0.0030215334190439426	0.005238758093298251	0.0015678040353208668	-0.0009263927020567527	-0.0014108273948341594	-0.0003531306838133076	0.050331313457832365	0.09823229579973271	0.011415197401997803	-0.007884396336213219	0.0008910450082158473	-0.0017399131640837495	0.017578288233568905	0.00033178080769180824	0.02127733217555846	-0.006209839985964766
0.13824596647322335	0.013037571966647654	0.0006639613956736372	-0.007055777563143971	-0.0027289768536388095	-0.009755477403334713	0.023892024325758317	-0.017439140979739653	-0.03099814465745465	0.0573049773082135	0.016237564679609212	-0.02121185350645791	0.014510355260657465	0.15631044068815933	0.026623329136986788	0.051674766478566184	0.0049135816599270325	-0.0009750717086232707	-0.03230785003496635	-0.011869663271595707	0.016350387424695204	-0.0012664887079418558	0.017851077279262065	-0.010355364412992365	0.008306515011242688	-0.003288486888623527	-0.04424585451845206	-0.0969148645187145	0.0017896008919092673	0.005450545138738346	0.01851652810204612	-0.07717272132565596	-0.10129986974233297	-0.008705543338345811	0.009309495131767853	0.015586485499509946	0.013391991910131303	0.032916815006028034	0.025344287901866748	0.026964337561012595	-0.02841360255775675	-0.007979843415642087	-0.020698939903818776	0.05332313119390671	0.05144492809272289	-0.013130394933358464	-0.038891316188201554	-0.06052129620150187	-0.05314099838149184	0.005305662585177302	0.20754620119167497	0.1360850806248634	-0.019626258650808272	0.005300533695769777	-0.004788382657685835	-0.0006541458234603155	0.09364437034628126	-0.07102746542572734	0.030314536198424127	0.0009392032083325346	0.005039038019720364	0.019312714233337493	0.07511482169370616	-0.010592491581419157	-0.022039593476891696	-0.02727109530578966	-0.005802616578891423	-0.008277331654372201	0.010638627547499726	0.06169297780964784	0.008269559469876021	0.021455453015598494	0.004524764133677057	0.004719533441547949	-0.0025132432228124548	-0.006361723852188	0.0023764581245699586	0.04798029490349226	0.015933344537489614	-0.014010578181929426	0.002964699800439177	0.014958713327782343	0.035545533007850426	-0.0004758242374337004	0.00510739647024787	-0.04961040502856758	0.021269843554921727	-0.002700337284904418	0.10484234354345871	0.21148852481171176	0.07073575217796065	-0.020515036047581137	0.005941375856991034	0.023219909822594205	-0.010382678947002018	0.0007746361606938274	0.0007426715459630034	-0.004150775356194152	-0.00916819702598739	0.05488781254535614	0.0661394608560678	0.0248480529812301	0.005641087575446225	0.0007801510736238074	0.00716471673843051	-0.009055481817293074	0.00033178080769180824	0.02127733217555846	0.030318630519710326
0.11598495401427414	0.09635269709062068	0.020027132017863054	-0.04942697098542822	-0.02126154562188372	-0.005015275489827863	0.031116284279950238	-0.03498676817815743	-0.020944653946431132	0.02925639975307864	0.0069272509803266664	0.050106455069492725	0.12809263897275996	0.311160485785773	0.042060988777385434	-0.024083244585359733	0.0045901990776505185	0.0018906428398689787	-0.001635892402090187	-0.048284333561270903	-0.0718249854445797	-0.004646509033239777	-0.08356191374523698	0.00473736926719837	-0.12189938416730382	-0.0037940950599193997	0.05636131398048857	0.05639421186310531	-0.0003039460575648583	-0.009990347263043443	-0.019617518947845178	0.08645048125499291	-0.10091360729610316	0.053123921067611005	-0.005701435559842056	-0.015305427161948857	-0.00994315290287669	0.18106073897878475	-0.0005833450232927055	-0.0134791488480086	0.10315659384184486	0.010469081029580676	0.027102101782284532	0.026536807555613915	-0.08306426085647904	-0.013621039710011523	0.013831272224841725	-0.00259315780569234	0.09622539566054795	-0.03102931915905386	0.0045627563527569585	0.008676474637861725	0.016414834513021226	-0.0007345522145654513	0.4814470806661016	-0.001828113656740501	-0.0167470868336081	-0.07478141656946034	-0.009256012771300896	0.005616517417059026	0.000428580537654107	-0.04731607620977535	-0.15486297581375555	0.032651532996393305	0.009127593502559076	-0.013603403252297927	-0.020521846585010297	-0.010169898381731676	-0.018714241445437704	-0.06261134412944576	-0.010056989677736484	-0.02130176971836527	-0.025017402163617072	-0.007782563889658636	0.0010080814686155627	-0.0032330292270604305	0.0027189770573200064	-0.009298652479814633	-0.006211680109662816	-0.004406078796542875	-0.0061070353113449015	0.01737915685012707	0.02002324828979045	0.060101283748793796	0.008926313835517386	0.010665077550240735	0.09045219591888194	0.027689755700784167	0.07935469414141852	-0.009156194315089322	0.01417283265803198	0.0025508104064147306	0.0023218004427187655	0.0012143863647686146	6.596866781639215e-05	0.009805248155924267	0.0002437889459015713	-0.0026969278645667476	0.004759149545440156	-0.016457704483379937	-0.0019235817576659772	-0.000562066835662467	0.04991415089106507	0.0007056725308933878	0.00395770874077922	-0.009055481817293074	-0.002038082104392536	0.02127733217555846	-0.006209839985964766
0.26510102665799823	0.14811314941115722	0.05276453245315139	-0.05624961442511228	-0.1116728530703473	-0.00037033773521908184	0.027936854369640763	-0.06615993918557002	-0.009171183236876278	-0.024375625302293043	-0.007511891243653435	-0.004223391107881431	0.059609021146173204	0.34171912145065636	-0.0030575665227784857	-0.12835973270639237	0.006366428271166001	0.0016827893702574077	-0.006036550129818476	0.03343860400208705	-0.05838889522280666	-0.008944140368012197	-0.28656449675663104	-0.09659088015201135	-0.05238432781504511	-0.006164560228885537	0.13189004915619104	0.07707241744536496	-0.0023149649143655213	-0.012214570867961261	-0.0484033295429476	0.13124183864954186	-0.10063615724205292	0.08540719810073259	-0.009518777986608454	-0.03650047401915247	-0.04099403119415467	0.19252535257127223	-0.005767075690807611	-0.024029474149397954	0.050560588109554876	0.31602367072549575	0.06945491735612232	0.06891707326204827	-0.12463051745658647	-0.005979470280802218	0.037631366830685645	0.08154327636097165	0.14654714862600735	-0.0044408449196425255	0.0466672321886876	-0.0028129137550706456	0.004012811463564188	-0.00269216005884973	-0.1342723342383349	-0.0009167732189759209	0.025818196034808543	0.04535029082031655	-0.04545007368142387	0.009461317576031527	-0.0036498940721612027	0.0036391748606188503	-0.033992466248446	0.014906845418892792	0.02204258327513352	0.00700884355784024	-0.05472952960902471	0.012502283621802241	-0.0020001340849357028	-0.029401575821609675	-0.0005272425290927075	-0.0027088669490034144	-0.00268292484360932	0.0031603407712526587	-0.007813444964556196	0.0037553117040499315	-0.00015376761075537688	0.039824777503573223	0.026352787955556213	-0.004058851118627937	-0.006522254278119203	-0.008341915171682781	0.015843162937344855	0.06351230142142786	0.006274599750973869	0.028722805997795527	-0.04924394864117725	0.00206381299983293	-0.0015690572169926172	0.035491117409928	0.0006614301795106677	0.01867145162335188	-0.006530362533434829	0.010268074314679826	-0.0004562367055361709	0.0047884918028709205	-0.0005946680775806934	0.005851174495309779	0.0027595985121890445	0.031267223135768234	-0.06954116670420582	0.007852621713017548	-0.026284173529073862	-0.003050063647498405	-0.006239603695457694	0.017578288233568905	0.00033178080769180824	0.02127733217555846	-0.006209839985964766
-0.08028447720580961	-0.06130151411068682	0.07407680590017728	-0.013010775364898124	0.048901117369177224	-0.0063951862229609845	-0.01194279573861012	-0.00389116114788145	0.056469718096434536	0.010494824607532946	-0.0024345758239550717	0.050055495686865785	0.06158730473747044	0.12791186028436707	-0.004681808910071553	-0.2275535491602696	0.016945635174690398	0.010902848443655326	-0.0034890241009164005	0.024851879257214146	-0.05631421329640045	-0.0093544998939097	-0.08125689506212545	-0.07370238135750876	-0.08132404056026124	-0.0009471137795129549	0.2387949137698921	0.09334070804054044	-0.0025897884162811146	-0.013142480631425367	-0.022330748098045555	0.07169733791907716	-0.13495880407171013	0.05370324466630713	-0.017074496608359902	-0.031094519879173534	-0.03465126027529774	-0.01822448178033109	-0.0031578039002935184	0.015034286163427021	0.10541564893556159	0.14895614716611413	0.062057499501773104	-0.002457760864539098	-0.12054902529726855	0.01975012325759878	0.011689218135326697	0.08899922513919774	0.09148994964399879	-0.0020114316957715746	0.08145477263044258	0.010208117611190216	0.018105490696739775	-0.0014582547839634733	0.08212069945462301	0.001247221018992648	-0.04945165750392398	0.04346546991843008	-0.16884706311730574	-0.0012289405982296852	-0.005691016573612177	0.04689219161282649	-0.06793537756458715	-0.02600791700574086	-0.012466086221281845	0.0370037668848747	-0.01789968893001164	0.02351321100148261	0.024732840994181274	-0.002728429193940309	0.003383023490011242	0.008151747849233023	-0.02520538170650535	0.0007081333743279315	-0.002984673009090899	-0.008492703721269262	0.0028605083005240443	0.07958446828386198	-0.0182990055215838	-0.00922118131947942	-0.004668901846310279	0.02380945282425001	0.04609709774659502	0.23128654673819726	-0.006002472065316653	-0.02841490987104552	0.02089746362876743	0.027632591349016907	-0.008179608788018823	-0.12907095372512253	-0.07676523267842729	-0.017333201113860428	-0.006093956692584037	-0.06956059314280853	-0.004135674641946266	0.0019698696304638673	-0.0005774688812627698	-0.006675357017130814	-0.014478135886398617	-0.05007852928642439	-0.055777813381667915	-0.006287026234771639	0.0499459798122013	-0.0020389067912722734	-0.004693214552285461	-0.009055481817293074	-0.002038082104392536	0.02127733217555846	-0.006209839985964766
0.34183570534209956	0.1231297709434826	0.005954798238621441	-0.023040364687190677	-0.04093919077370456	0.05506742826309264	0.010653428954387386	-0.053741658069327194	0.0935418712096651	-0.01520316904476223	-0.005381892390795678	0.005949499912230001	0.03467490458029337	0.17294685738531035	-0.12457031656345097	0.05218834629032286	0.007833965927102794	-0.0006411641174045528	0.008795646244829486	-0.010721137404064343	-0.8555305816919987	-0.002313896574346447	-0.3117092913773833	0.01719039488174302	-0.034485681748319584	-0.006018573455602852	0.008822420232385459	-0.07606960927832782	-2.6197060262727093e-05	-0.0008549676141304275	0.019576134680340727	0.046224801652595356	-0.019977612132842503	0.05136428856926139	-0.0112902985082287	-0.013695488046526382	-0.004200761535864565	0.18333637250055024	-0.009501281515187972	-0.003564570386247589	0.004275084738582472	-0.10619568595675594	0.01165391973242803	0.04107708542127296	-0.0812208302202124	0.01015947935692018	0.08088218758716469	-0.007921887810957486	0.017233876991394417	0.003571702282237892	-0.2052111073649023	0.021338961822472247	-0.019489307505796527	-0.02423911012201978	0.16857522708090342	-0.003029598399660377	-0.6531179792830508	-0.06687826476377129	0.010175291809311761	0.005716629079881513	0.003160356571935502	-0.17492620439130813	0.1463998387423583	-0.026286427580561565	0.0747376531049631	0.03885070011529108	-0.09345844764257198	-0.04918586217832261	-0.12468183360715558	-0.13661864077594285	-0.040823031337623716	-0.06221119768946618	0.018515719902622275	-0.01436570795380939	-0.010967981282362779	-0.018728269812148993	-0.00396656218685674	-0.10329066420064083	-0.010605185246386251	0.022779479896493888	-0.0015493332297757951	-0.007954390134711414	-0.05992212727234388	6.411240383391089e-05	-0.001696565337766405	-0.022713542884550804	-0.04048022093890104	0.0010905710645519324	0.07294052819963741	-0.03107478829530513	0.0008332777865669337	-0.014292037530730297	-0.004696774867593584	-0.01499811986720058	-0.0030329905989503443	-0.0004496821937068796	-0.0003989499149348084	0.0012501265626494707	-0.01155651034805111	0.028841858801708194	-0.11133060122501355	-0.0334677022772239	-0.00796036563241996	-0.0026923929561214885	-0.018412285755267665	0.017578288233568905	0.00033178080769180824	0.02127733217555846	-0.006209839985964766
-0.16995433784379904	-0.02315295930430294	0.052183154068695066	0.010741609097994619	0.05355351568394581	0.054355792201977046	-0.019846394071504358	0.012794901804167065	0.039277877363449495	0.021869807573761717	0.0004564480215455298	-0.004223237692294919	-0.060863206160463736	-0.1412555847618421	-0.14176424567012935	0.024171110806395772	-0.004723895478130603	-0.0025503884075009755	0.008408427750140054	0.0836754886320231	0.08222867993563582	-0.009136196430916281	0.03739316622873311	0.01888966919604522	0.0731830701318047	0.0008086139237834996	-0.05107526646429244	-0.0013394447619753638	0.0002952818198540172	-0.0006522014004976946	0.020494614618221798	0.026253777671635642	0.09463520732061344	-0.03780632311489113	-0.0006980136244898437	0.007125582496154492	0.010251283103502784	0.09807402401195878	0.004948838096172151	0.05627121238235168	0.014734906570043997	-0.07562143576381174	-0.024357464464569916	0.009510173971493483	-0.030218746884349425	0.014502643246726937	-0.051663859328313036	-0.02680498537046408	-0.03424061043649795	0.009722309797809036	0.06969998877135856	-0.04955685168671716	0.08058258527548662	-0.0006475513852861588	-0.029976831679201718	0.0007878951747500566	0.15722254340760627	-0.020197280659195255	0.05359345785372667	0.00859044369641979	0.0016039573416375616	-0.09018653001287939	0.06379717908717417	0.0011666726151761534	0.051523411750811994	0.005214954093555738	-0.06812038986304544	-0.040790718979027654	-0.11170135282097106	-0.15105864085356124	-0.025578768826592855	-0.05134304727767787	0.010641664311707493	-0.005203339200675094	-0.01561389570670045	-0.023648211884322687	-0.004510857719227094	-0.046155091016820866	0.004526462081104481	0.016471383937239143	-0.004687848831415827	-0.007075402058258233	-0.03193979190451005	-0.06111079035532324	-0.007878535705612444	0.0018110311479185958	0.008904744198461337	-0.001362107782982686	-0.050139996367345396	-0.001647347340907223	0.006249234008395984	0.0161049465562241	0.0016531180017912285	0.034697075813602596	-0.005989563805245245	0.0034607971567321093	0.0007888481442526734	0.008932554503117038	0.0005345556150485484	-0.035022251602947425	0.08310907743757508	0.0002431442868600189	-0.011442104685294377	0.0002719189028295825	-0.015016852466610914	0.017578288233568905	0.00033178080769180824	0.02127733217555846	-0.006209839985964766
-0.02751569392596821	-0.016544365249604624	-0.009837246592550274	0.007718639884184971	-0.038491532822616054	-0.0038565586345853387	0.00945023353310618	-0.015646249192183083	-0.019642134256190154	0.0868586974102533	0.024413555374834087	-0.03213828352956531	0.007497272612439135	0.25917051815748077	0.01021481571689965	-0.2516443547093241	0.014017921360263365	0.00401871194050816	-0.008807828427549244	-0.01806344054103773	-0.0015072717163860307	0.0004866864966239514	0.09919952827130732	-0.08383154148528535	-0.08333943501356064	-0.001997552044935618	0.13332937358420285	-0.007964739503128083	-0.0012994444251169532	-0.016591663398548836	-0.01886943557845285	0.005359432498063827	-0.052363864372309915	-0.013870939908920665	0.0010446653064178726	-0.009463431664812678	-0.005977977053997698	-0.02199592517940695	-0.01272472583171302	-0.015495029052713341	0.08703884279435418	0.15117178120214575	0.0013412994251476562	0.025599670193504617	-0.07947233837492787	-0.00857699328484066	-0.028583710891503245	0.028921262929779583	0.01730104743746596	-0.0011084836879700125	0.017627885433055875	0.0023238890112540524	-0.06140210847057393	0.001234237235335037	0.5721844899766625	0.00027304216505789306	-0.20820269533685862	-0.04170786730137691	-0.07157143743964271	-0.004779557658264983	-0.010316823363051082	0.032297891162554625	-0.1149075841661264	-0.02339148266832889	-0.026042893444125144	0.04130107502583749	0.031257169023476555	0.029600942393371264	0.021661187648733905	0.016240793559476958	0.00405130676518186	-0.001361268665480471	-0.01527431059427918	0.01239332480375805	-0.0026925424815893674	-0.015702188385021083	-0.001266665785734868	0.05189289189423278	-0.014877599409372437	-0.008597265502533858	-0.0039053025637557884	-0.03781777760431677	-0.05992212727234388	0.0069248588845303265	-0.00535564238933733	-0.03732981789925122	-0.04457208715486279	0.0038517167115230655	0.08300256434091154	-0.07463322823685634	-0.037583226149243865	-0.03851555460961657	-0.016352366036221037	0.005210406323819192	0.0027128778486500272	0.003766743590754768	-0.00017718940423185671	0.0015570072836501732	0.012981518655652936	-0.020943237338080387	-0.14701749664411226	0.003571039160112422	0.021777883874272503	0.0008528681599328481	0.00522703882663928	-0.009055481817293074	0.00033178080769180824	0.02127733217555846	0.030318630519710326
0.20625655149784802	0.07698444654494302	0.03455004963259834	-0.020571175996653594	-0.01749074424085889	-0.006196585397477403	0.012926139107616546	-0.0822548362559583	-0.002163563543632102	0.012378298840417901	-0.0009150088467643694	0.018257783730564376	0.1797911149349203	0.3779285181582733	0.013475919004751397	-0.032109034715592163	0.009063766780311185	0.002499283533383961	-0.00020036707523527863	0.08127091911097095	-0.0813597749247861	-0.006267470117750372	-0.12104590743115623	-0.05580477976656019	-0.0752108668046748	-0.0026630908775206745	0.07710199105670217	0.13017377257277024	-0.003177602374337577	-0.004853629616502415	-0.04000680612442348	0.10731235635120628	-0.1770487066785778	0.057828307283256414	-0.014211878824978435	-0.009010736005410755	-0.04345890694856927	0.24226059296457322	0.01818828723108273	-0.013568825499312898	0.04834449764942905	0.03705073183455614	0.07927038361558249	0.033910771122920666	-0.09204306699669912	-0.0023041955919727948	-0.010371150152449196	0.08549421045253226	0.1193577628235764	-0.010450913606177501	0.04587816715936062	0.027313622115232892	-0.025026294116850787	-0.004004153142087065	0.08404640903859224	-0.0021603722822868526	-0.6531179792830508	0.05009800013561013	-0.044792225295026855	0.00449639144772172	-0.0006478694114190215	0.02914238422637082	-0.5847874660638016	0.06159908590354122	-0.07130050382016567	0.08250638444284945	0.13676381409167732	0.011283933233883336	-0.006208636753573242	-0.04868264673516715	-0.001257602619455246	-0.014950784546349278	-0.02787463785202975	-0.017858526181454597	0.0012427486148366572	-0.00888137312836434	0.005638262345598204	0.08919623825578789	-0.12792610250054898	-0.0018187784909630585	-0.004890700819889935	-0.03781777760431677	-0.05992212727234388	0.07178501041533111	0.003483641679351617	0.045116282361207065	0.024308204038893264	-0.02790404314293675	-0.12834793298039138	-0.13676246393693378	-0.06510484035927623	0.01047874628698889	0.035738799685054404	-0.03912186492894189	0.005194565292479969	-0.0007520284466716983	9.312708686366735e-05	0.01048523871005867	-0.0035301181433671494	-0.05450419180897019	0.009979232146474509	-0.009477559942435062	-0.025237213335123698	-0.0018029430758015562	-0.014590061026852235	-0.009055481817293074	0.00033178080769180824	-0.03951504546889429	-0.006209839985964766
-0.021484319788997085	0.0458671237335143	0.015760556795316395	0.0018716143314597682	-0.062297757418467166	-0.004854782470260181	-0.006051492766207738	-0.005420539904828856	0.007263354910173814	0.0271488574516234	0.005072259121246008	-0.007765399418350811	0.010809581084309808	-0.22201004759753024	-0.010912034614515965	0.05107351010468084	-0.0011689170136853044	-0.000751891218301197	0.007868682484526688	0.05451274521120401	0.01900808006901785	-0.0008323973491999118	0.08787347426342264	-0.01978093711659806	-0.05494478372724038	0.0011448184322982223	-0.04459519357075044	0.02815103103137632	3.286186359173067e-05	0.009115490126445816	0.016814777319637386	-0.032669439476226164	0.01120416069034972	0.026832690331167926	-0.0005702792119956189	0.005393515215617308	0.005100043689509296	-0.03469130838354267	0.016278367031277264	-0.06619895623406692	-0.01706341709143263	-0.002305676162879542	0.014772793192863025	0.01265376234383367	-0.05460901601889404	0.015080217260074484	-0.053934690219799734	0.00847051852134115	0.09921838977726073	0.009215076764380587	-0.07881439572419974	-0.001621580070459609	0.019282391405164113	0.0013505586105587335	-0.023358249539747914	-0.0017628566421350699	0.025524177473818133	-0.03821671068223802	-0.0027446509140522744	0.0005298811001850247	0.0026854510729195993	-0.0736828873056622	0.06833920293642258	0.0416360442912513	-0.028584150940883873	-0.02503077790436998	0.01590552938418823	-0.03285700770971645	-0.02846685922486452	-0.04872228679692661	-0.006188351055751958	0.0047334666601433146	0.008227298344989612	0.002767359007065269	0.013474416394371774	0.005497743983581349	0.0010790563263336707	-0.1007322631739723	0.021955817395435513	0.002331988119834138	-0.004368195585508291	-0.012024307674246263	-0.05992212727234388	-0.01609384296681306	0.010869629923098617	-0.016253153252604412	-0.04611744344175655	0.011828327669332853	-0.04344227577354249	-0.13146567033454448	-0.08727352521422076	-0.043350084288179214	0.00864676337073457	0.02882681322859225	-0.0045342186512329396	0.004836992352230314	0.00016850999725168212	-0.026542791941277222	-0.010017920756342644	-0.034835679713572015	-0.11505899122421684	-0.017027994678309098	0.012947341589395868	-0.001174942918779061	-0.004457179971557534	-0.009055481817293074	0.00033178080769180824	-0.03951504546889429	-0.006209839985964766
-0.018592467081835852	-0.07347807209701716	0.028706995927475082	-0.003278869384402222	0.06570626778715284	0.06371703809586064	-0.014571888973239923	0.04605418847552786	0.03521295426751979	-0.011462802895989005	-0.01955716002651248	0.024699322128534783	-0.02760825167270523	-0.047271966267871814	0.0563569490282352	-0.00495840415564407	-0.01761603482955669	0.00018438115950496364	-0.005472767512084042	-0.02417713349266958	0.13193627378328854	-0.0024084109001090885	0.17800555814829405	0.0392567318236202	0.032056679432386964	0.00024610466147247426	-0.07520416976343991	0.02457015855895445	0.00027885756582557875	-0.001909436280941836	0.023618681057530056	0.009229949826126859	0.08182546012169503	0.018170841191412258	0.017091052361541622	0.021532742589710867	0.031335361781151955	0.018914470168526504	0.005246396834882584	0.06774295702397892	0.041544612936995934	0.01846638321281201	-0.01967438794591891	-0.012036060821416455	0.03369989679061071	0.003732011667631405	-0.0035572845331957106	0.00015123400925172114	-0.1547019951123771	0.005768954236275592	0.005092003323616125	0.008290916350975713	0.00870883761482004	-0.013145223400430619	-0.035241532434208696	-0.0012813034944730822	0.03700467734086865	-0.04014905279527532	-0.019622761362777887	-0.006523248851442057	-0.01277726132618108	0.0424565445731587	-0.12564265725045637	-0.03742020747863873	0.006709223930405976	0.03753498540876596	-0.03604775338113263	0.026843394568718322	0.026470946278637882	0.02704301232602172	0.005949899783852373	0.010356290412496484	-0.009027798380825524	0.006445859367969492	-0.010559205644134201	-0.01698469883358056	0.002100632962268365	0.09469745311654178	-0.022686751814637675	-0.016544683427539744	-0.007174159261881355	-0.03781777760431677	0.03580694462742601	-0.10506688074519603	-0.0031955071614419286	-0.04804014384849975	-0.06492709575745051	-0.051711636646534144	-0.10466414488841227	0.0397397822883486	0.010850010378656285	-0.031354002005497233	0.005839130498494305	0.014215236276836433	0.003399657259782875	-0.005499030478369015	-0.000991048803412021	-0.00397808944203915	0.03513752555634306	-0.02567397339352349	0.04507404704017126	-0.012213573785682006	-0.031606621780548516	0.002284145690313349	0.011655686852059501	-0.009055481817293074	0.00033178080769180824	0.02127733217555846	0.030318630519710326
-0.08379009231771466	-0.041028519667855715	0.03242295764570624	0.03156646634671568	-0.01590535716934129	-0.06707170957468614	0.010600050819826725	0.008356945763379477	-0.013667669280289228	-0.02010131735142364	-0.0031411307564872685	0.0021354257972844484	0.0071842673162390335	0.13512640062234396	-0.03150617062895358	-0.05565216965369548	-0.004460969785956748	-0.0016033135944676412	0.0005802149301918734	-0.02355616019165054	0.0921619442915247	-0.0030467722429517283	0.13914425429184163	0.0001761661172854903	0.024994247842112873	0.0033884260520486067	0.039445464909419324	-0.13468819348487338	0.001198137924429562	0.005001175548707305	0.014843722068260352	-0.041549744854966056	0.07937662860906135	0.029834163569849317	0.006010557268577234	0.003692552045237567	0.005867644716515803	-0.009570346820102023	0.0024307579201443656	-0.06255516609315276	-0.057553696731657604	-0.007972416491806203	0.02197624371397924	-0.021757090758517075	0.010941516559009287	-0.009979490558973061	-0.09675917639383703	-0.04444705890852812	-0.03792874155276765	0.003582554289945339	0.004940007972301324	0.012724119446475465	0.036002794832632246	0.003790986077068938	-0.024849911536341716	0.0002911373262876007	0.027398890194634404	0.31032215507230854	0.02658571478745701	0.0016897867746980765	0.008546081267395492	0.05122263789870543	-0.16134732498400292	-0.02797625366278927	0.046666863087153745	0.02069415581616475	0.05724248173484996	0.028272596184004965	0.049088428033730876	0.0026375276250953377	0.01207494150914565	0.0002317183412295658	0.043931355782392725	0.02759619161949752	-0.00496132898362045	-0.02097383638574633	-0.002081413986948356	0.0834040996861974	0.054074510346236976	-0.009163162533533897	0.04288333524298867	0.024977696286479254	0.046065767675026265	-0.16782289539214534	0.006968810618515361	0.001109345721829053	0.053796010683470966	-0.022991419990641377	0.11449719385029952	0.04973397932958868	0.03360812349408237	-0.0006298405654505637	0.0009972422733010168	0.039272320141321225	0.0027616023113660204	-0.000729475955621489	-0.000418626272028894	0.0052774572011547016	0.0054995291501032705	0.032281499742368686	-0.00975700559958172	-0.019546486356958177	-0.006870433142821078	0.0003203102009248665	-0.0025051123421266884	-0.009055481817293074	-0.002038082104392536	0.02127733217555846	-0.006209839985964766
-0.05928742765752869	0.1267678530556654	0.024818813086876924	-0.016341461535016408	-0.029970285123251086	0.02798368666567361	0.007252393465626016	-0.022269340604987902	0.020003234663485425	0.023660518041248746	0.0014828340590715319	-0.02225698215192119	0.0050219658032079895	0.14599125482684985	-0.15572342644574702	-0.05895229410033477	-0.003721219483513309	-0.004128224891738434	0.00981296606383203	0.015564109366806252	0.10509395410099302	-0.005381715989335184	0.033242202568202546	0.014286240016783202	-0.0006619888397684799	-0.002628372332563711	-0.05697459196566286	-0.12521128041668314	0.0009349644027400575	0.004060673466539613	0.022684678728328037	-0.006077683445537967	0.07142705755142685	0.006641790646579814	0.011977002483843497	-0.006812686748252093	0.015108593774084512	0.09392743720511844	-0.029343916281233465	0.027592818512946017	-0.009980306699454577	-0.04163600234761334	-0.0340152537637766	0.021760162360857333	-0.05713579202555222	0.06831328952003879	0.02102020421436269	-0.027138169635465295	-0.07175688792984078	0.004852280616284248	-0.003706129333382586	0.052316509576620575	0.060175299353332816	0.0041369262650268485	-0.08386802018293037	-0.0002025907848580175	0.07087475889737169	-0.02953885645484512	-0.03354632340594103	0.009145202630639034	0.001865694482860334	-0.19447286835112138	-0.013865129846515356	-0.014359370751961276	0.031055559359646996	0.006955624982916365	-0.07101815257762782	-0.04779967166258487	-0.11786287581753835	-0.15020390866924804	-0.046958452039597975	-0.04894723376663795	0.018510803894633002	-0.014981222235259025	-0.0057893990668224215	-0.024357283222357584	-0.00516852631126146	-0.07490033205525694	-0.017264932424901725	0.02273918170912052	-0.002214384396421855	-0.005711038714375194	-0.05992212727234388	0.011700194592834359	0.012068586469866558	0.0010647047433906447	0.028215813903539038	0.021545468323235863	0.05055291667320972	-0.2133824452811927	-0.01892773580442141	0.038248850288218304	-0.03390480991233294	0.03579899577448517	0.0008633148754280914	0.0011361517939531894	-0.015202240861745672	0.002969473673276606	-0.025510105761372484	0.01625743732045962	-0.07782764363984927	-0.014755462856596364	0.03080612701729549	0.0002632374123190555	-0.01737181469941868	0.017578288233568905	0.00033178080769180824	0.02127733217555846	-0.006209839985964766
-0.09313354188283753	-0.12549233908641272	0.029562285638802418	0.06820121649930418	0.02053502894528332	-0.04108287066578007	-0.024713201803227593	0.045382926866978	0.007905467368750736	0.0066814318948946036	0.0012567390378731272	0.026152370151247932	-0.01749384148529467	-0.2111736863055666	-0.1986233362020344	-0.053514798644101795	-0.004194818415096272	0.0026484113853049254	0.006901879683363397	0.07117145986536405	0.12725241872453485	-0.0028635599754067427	0.0867516519965791	0.13338102907278862	0.06811902287463269	0.007175823863085943	0.07997304140691625	-0.1914967128996531	0.0014411270951445636	-0.003798119976631858	0.026858513635003852	-0.07567453487808797	0.1353014442356546	-0.008775761186493663	0.000488980325767854	0.04556832658434023	0.009708306020817676	-0.17912799915135555	-0.009363186724557776	0.0031643405072075167	0.012308597757021129	-0.08013406602372954	-0.04736572142888241	-0.030661321101656272	-0.11608108664778827	0.004205804552121452	-0.038174742980515035	-0.05268714552777204	-0.10187680966686259	0.009616938557795874	-0.1188977956135017	-0.0034522367090345815	-0.0637914570608854	0.007369746922481283	-0.05312630602698807	0.0023391984864472	0.025726846940319913	-0.08365354387473185	0.042943114725314695	-0.004428733546570823	0.0026688826551673614	-0.20667237725123921	0.5916605573312562	-0.030134202914334347	0.05832527729468699	-0.0020487166688207105	-0.1007595186666585	-0.05054236855547071	-0.1232270749174627	-0.12442386955613274	-0.045393093156488595	-0.06716437610184309	0.021154262426034506	-0.02208826706966094	-0.00856772131961227	-0.03564831830361893	-0.006185254342458716	-0.13493975793817223	0.005139171235816074	0.01995806898521854	-0.002224051627927154	-0.004309051817392447	-0.0463080993334162	0.015958142505128895	-0.0040350626076615	-0.047609196077194146	0.005163297831971414	-0.01900408684207606	-0.05513038104065061	0.027978931431247703	0.006773293255475411	0.04681101811662148	0.007382756720236175	0.00979783328010493	0.0030650420748765186	0.006996889926810907	0.000379088806122013	-0.0062461264396860335	-0.0037107120332444707	-0.06647351369838268	0.058351039806841316	-0.00254796437332917	0.0097625139709212	-0.0050140646323011935	-0.00011839865262583881	-0.009055481817293074	-0.002038082104392536	0.02127733217555846	-0.006209839985964766
-0.049866679296326405	-0.05524748091388045	0.006439753528233537	0.018440429274104095	-0.019411941288247043	-0.02933136771819985	0.0050324950712257914	0.01902934891748511	0.025266667874233262	-0.010918534719844289	-0.00014796859987195555	0.014118815276772508	-0.052528444535241955	-0.1172363133500509	0.0473573906405254	0.08986681112050346	-0.005821141513294416	0.002635420191638735	0.015281187080967002	0.1040119231572058	0.054939738897224345	-0.001041836325497548	0.04904016516280153	0.004129350400998846	-0.0038406942505605428	0.0044580425039509215	-0.0434919588648941	-0.025718702288764748	0.0003187983450166043	0.006379213755377267	0.010857550604622353	-0.07641792258623921	-0.013199602642340616	0.012307267597353145	0.0022886376696970336	0.024910370118604433	0.025948086283037203	-0.0742765547922713	-0.0647936203455132	-0.028564226202954308	-0.008360162627533863	0.00204008237275509	-0.02996927029413069	-0.014165934787190623	0.035845256169363	0.0010357961827661168	-0.00987858631944303	-0.01059657352981034	-0.09964140029160498	0.0065951508737388635	-0.05687556836376182	0.0024614112690417717	0.04118789201249174	0.002360378020926287	-0.01454677953819181	-0.0002657416942961032	0.06241720670042978	-0.06793028893836761	0.03150313376601142	0.003979265271612603	0.004097514321727614	0.04066807862977023	0.11515598378238714	0.007770036837425285	-0.027924351532403524	0.020583583314647415	0.01707274195381081	0.011422805964986146	0.05142116244674754	-0.017747560183992407	0.012403105126401543	0.004317674354433293	-0.016573179980536215	0.005747173769013972	-0.004257625807156467	0.001809835088962772	-0.00048231067825310413	0.05406325866619573	-0.0008859514826389823	-0.020014091503609773	-0.0034751522589224894	-0.03781777760431677	0.06604942771813517	-0.011835390382645855	0.009174385694647154	0.015034022708843246	-0.03821339949250241	-0.014095010379542366	0.05789887495400259	0.07119528985831773	0.013166647071914468	0.003440531152759567	-0.005131039942482914	0.02496165183997516	0.002236994121392437	-0.0029405932683698862	0.00021498934296256946	0.00021444257262139994	0.010603272451501868	-0.10883771500751625	0.023663394697756357	0.009588201594831603	0.01690036967067287	0.00019347632275344614	-0.0016606142952012314	-0.009055481817293074	0.00033178080769180824	-0.03951504546889429	-0.006209839985964766
-0.1292977182590918	0.05407909513460213	0.021677732033756003	0.023359398218214256	0.018719410245778074	-0.0084758698528177	0.038519576227039706	0.04349719513322502	-0.02296304868911815	0.03128683297962725	0.007621545003492755	0.00029779682512111165	-0.0015326922936637418	-0.09645264847410721	-0.02995767307754752	-0.04723677637341707	0.00910356742795937	0.0003332689909719339	0.006175220381440156	-0.06840542555632367	-0.00746206232621784	-0.002685734556488991	-0.06803994499617502	-0.03511457393258931	-0.03034101526734977	0.001778073997796256	-0.026490842209928006	0.00863302518723282	-0.0009537773110811245	0.006087543206390697	-0.003016008206652103	-0.04757458446317082	-0.10679035709343274	0.011194005841156868	-0.00493170539232873	0.016053558156319984	-0.00020214123585674958	-0.039984053692542695	0.014773591334253794	-0.06263367408681442	-0.006013679360555219	-0.028803563820625096	-0.03322286774632966	-0.008747595238734224	-0.10124939248694063	-0.011317075921510357	-0.008503287835888869	0.04102783078954509	0.1762737470364705	0.007794070564843573	-0.022098959829133166	-0.001773123981131396	0.029658588432901173	0.0015791174655086751	-0.0205132988883622	0.0005515941037314076	0.020791651291029587	-0.04129242636128335	-0.0002279098839724357	-0.002812542052320541	0.002277065370566964	-0.027404067936829406	-0.16919157307416982	0.02607059372557206	-0.034400364051000505	0.013724619812350538	-0.06937398039739294	-0.0013983470903033291	-0.0032611155381570183	-0.026104251208482334	0.003311152953882747	0.0018869039193199072	-0.01578132538142996	0.013354009194150142	0.004584203143782757	-0.006389326331136823	0.0026798564813019805	0.029300336224755027	-0.0013054459842269776	-0.004052742395139063	-0.0052540055839097235	0.014684073438486742	0.03044867830793671	0.06307682551646125	-0.009347743883094268	-0.05638168976268853	-0.02988469186729797	0.009294424695976208	0.007634574746285041	-0.23303188524741125	-0.08082426567553737	-0.02105458789357027	-0.028038291883047545	0.024527710074771277	-0.006815883244640773	-0.015340204039608217	-0.000286770632656286	0.0026904994186454246	0.0002458849274197662	0.002236022349678024	-0.025619720888137385	0.023553415692116445	0.0019510570587158759	0.002614165561028039	0.013896336708206121	0.017578288233568905	0.00033178080769180824	0.02127733217555846	-0.006209839985964766
0.08277736846300306	-0.09765403256240439	-0.04020817339104096	0.020033742504274577	-0.036778228576111134	-0.01014265145039636	0.015042110178508834	0.03290465951826268	-0.01325751983506188	-0.0174124471806152	0.0024860039884631677	-0.017266846198651282	0.015128103306903375	-0.27715735946157327	-0.010300129884530109	0.014725912380633647	0.0006160782461541259	0.002776829862051859	-0.004609231952712654	-0.03822763466982496	-0.01069899555947992	0.0038874066618084617	-0.11574410227053672	-0.04076068722902343	-0.02391907022285052	0.005276345188489223	0.03156737710936812	0.11359366765829784	-0.0017873127427353898	-0.006917731444452832	-0.036340002004106364	-0.09508861099477284	-0.02187419294058101	0.0036562315236829965	-0.0062696986850506	0.020345532936453005	-0.004292607718583519	-0.13244781746612208	0.010277525623247491	-0.0860248321929869	-0.02099258969905627	0.050011026657950375	0.01631566951474518	0.0012630337083567123	-0.07392759427639824	-0.006071439021376359	-0.038589745721106475	0.062460500199589236	0.1156300743534746	0.010469810860955183	0.02609951204872708	0.004071724046895462	-0.03680068159240808	0.0009232763444335126	-0.05554403554492876	0.0038043714741976477	0.03342319965991634	-0.02841840198759459	0.009713425770513066	-0.0011321730906648114	-0.015393045840982653	-0.03636460488516178	0.037685827560979275	0.05223394382131237	-0.04263496433790073	-0.027518983671115174	-0.026624465481730683	-0.011216735259827498	0.009424330766198509	-0.03430019052837917	0.0018838898522276716	-0.012611252540657493	0.006889240994877815	0.004859933185967755	0.003654021286503041	-0.002225055035265773	0.005933762725570194	0.028874448977233767	0.006185850723184943	0.0007651571930770406	-0.002648742168196326	-0.014333905956992075	0.019685135288983423	0.008035464106888808	-0.002948762032912771	-0.01700636260976583	-0.0008617898789157974	0.036746797837273644	0.055800959777260066	-0.18110980815818536	-0.10958367246739724	0.006458047078801546	0.004859646274069579	-0.07618815671770858	0.011119308043612034	-0.012661673755176532	-0.00025068166474656844	0.005879060446323525	-0.017206554352466763	0.12764666379708842	0.16542580862027007	0.028335857640634177	0.01127454082827132	-0.00015339745199103254	-0.013007117272441042	-0.009055481817293074	0.00033178080769180824	-0.03951504546889429	-0.006209839985964766
-0.1799423706912998	-0.1818231984247531	-0.006329986873723582	0.045068536170182895	-0.04863812420323356	-0.03295098839310953	0.00039800964101234634	0.049411718838389074	-0.021435238118216567	0.022471576589582026	0.0028461802115741846	-0.007969454354641673	-0.031388550237398845	0.1244076694612335	0.027561303229467878	-0.05046497204570888	-0.0034578354064123645	0.002762137442861802	-0.010229944244740946	0.04432091716924643	-0.0012018810478104792	0.0009320870443792473	-0.003336691476215823	0.11394190049115765	0.028297361073764717	0.006623153307932357	-0.005521718326042635	-0.03979862877863314	0.0012096134867561172	-0.0011537776767906306	0.022688235693802405	-0.09819648059750104	0.11913279882663085	-0.003129179250751443	-0.005395288510124214	0.011968670518225132	-0.014506239298242367	-0.24268098370287536	0.003634526632990693	0.0054021234020464985	-0.031001118161069634	-0.00975185667933524	-0.018334955134454146	-0.07807852287317088	0.10242277857485188	-0.007947024287464069	0.03870396568501876	-0.0564951082858882	-0.09444424814284533	0.013909554208964094	0.04266224621406438	0.0451689212667088	-0.013785368842373828	0.009967415745872081	-0.02461420320058702	0.005195609767981587	0.09565502259235248	-0.04805286783131534	0.008040815896547298	-0.00704898776319598	0.0028832896294691073	0.09652011459579249	0.15491776150483513	-0.009416236071170375	0.03837268601795714	-0.026536368998792893	-0.014608690740427354	0.0036391292170792023	0.1146365244886022	0.12741342983347223	0.014366900747234632	0.043853766098649105	0.00833106329495914	-0.01104125118681523	-0.015815472030180345	-0.004600348263363865	0.0012606330427876401	0.0815541082209062	0.004756865596748092	-0.06211557531677029	0.0005454347152545626	0.02505268109934947	0.04436805033172546	-0.04110285652122466	0.0035182097051218533	-0.052429663018031855	0.04525625328560336	-0.009361244663694143	0.03450335717297353	0.019837258457170662	-0.02360064998931983	-0.02484461895730274	0.016992805879151918	-0.031844033652323266	0.0065871096325938955	-0.003165699065807066	0.0006636016288242539	-0.0012494461911678931	-0.019360824387646868	-0.001433919041540713	-0.046961615135356655	0.022694327706481134	-0.007587687100777124	-0.005682507969706709	-0.00020135244702591628	-0.009055481817293074	-0.002038082104392536	0.02127733217555846	-0.006209839985964766
0.1760713470189815	0.021948491126336876	0.14984004048973246	-0.03799451590465289	-0.1184598191942161	-0.01122414712149069	0.028965722878820405	-0.10317230221174266	0.0325978387629488	0.016700767300125628	-0.01079214674901892	0.07548882381772697	0.13452326469291923	0.7633923674815232	0.029638421519806384	-0.1928180244980551	0.06720786472992804	0.008158915799155701	0.0049722825082716	0.06590729454961022	-0.09451934852874255	-0.008723125743441982	-0.3902864285469656	-0.049284303796968715	-0.09201489116616479	-0.004587061360661367	0.21877470679598918	0.08783085092078816	-0.0012863451440916008	-0.02010033442875304	-0.01102147223681996	0.09499991931523759	-0.191736441215232	0.047397842749384314	-0.013977311052599797	-0.03827736403906187	-0.05032401517176808	0.20124659654120086	-0.01117009443218278	-0.020883772156700266	0.07027402727237171	0.0673165041597988	0.07549963117999786	0.09376713595555489	-0.11572190900348495	0.07692469959440269	0.0957082101863553	0.035502393911190776	0.0824167931276497	-0.008339909982825123	0.0033051335194036044	0.02696003388346237	0.004692964918019814	-0.0012507448482673442	0.2952254041678224	0.00019818422054400904	-0.6531179792830508	-0.018876524306573855	-0.040479794702348595	0.008446979511706131	-0.0014740006576516784	0.02455721069586192	-0.12511490247558602	0.006563344128011283	0.008648698630209128	0.02531432147060096	-0.012945707339925859	0.008897662316301664	0.00024602090592610633	-0.02970970406948372	0.0029886969782251306	-0.008623056733967776	-0.0107324370325246	0.003899458969195855	0.008354790432184886	-0.010690024053005856	-0.0017030970393450643	0.07278981981697692	0.002807285778765091	-0.00387281899394073	-0.005807129527587792	0.019169329969266638	0.025681802994529226	0.0594392362783049	-0.008728053346917177	0.04707010228148903	0.13334102023711403	0.0012399997509700486	0.03351962800180844	0.06453474761502208	0.01065795180022954	-0.04926578002973163	-0.0010852163235232136	0.009893889431006695	-0.0003973655473813662	0.0029336008756097307	-0.0004474022635496512	0.0034238994223376603	-0.01524179239260977	-0.12401331997873882	-0.1547343925531518	-0.007311285385810957	0.03683581195289399	0.0008481207384476424	0.0058217684357880295	-0.009055481817293074	-0.002038082104392536	0.02127733217555846	-0.006209839985964766
0.14582112911009898	0.0833290862945255	0.011836400018621882	-0.030850785014157948	0.03776099427885626	-0.032546860964738356	0.0043444350343246315	-0.029510433731818032	-0.019796907663093007	0.04369051930363132	0.017393432388560903	-0.021544594533501566	-0.07554664126951256	-0.14945335162764473	0.0024690673580644268	-0.07913778643765979	0.011845681050292767	0.00034772187550979324	-0.00398471452032804	-0.03496230599722823	-0.05607292325574284	-0.0015327723407633134	-0.1327594135223565	0.04198418762570938	-0.023038999007308443	-0.0028436827733071273	0.06727903129852648	-0.12740633223611705	0.0042258388610974685	-0.01573178423827975	-0.015461579318469839	0.009792195315064494	-0.06527732874124245	0.036163471666454367	0.005764559309731682	0.004260957198221101	-0.002045106259420584	0.026175709953751115	0.014012174897053075	-0.014134466800307959	-0.00428923012707301	-0.0056889111675421005	-0.03420701168594523	0.04867543168597263	0.16668317881568376	-0.006034917029573576	-0.0034219203838651664	-0.16150641672475088	0.209366722838643	1.1678045268723398e-05	0.015393984478376782	0.012404820076724356	-0.042028951127519074	0.00021519951363453376	-0.014524376319280668	-0.0022638188965181717	0.07356916308631424	-0.004205974553797199	0.03007409286386988	-0.003209678399744115	-0.03268894648630831	0.011321662562314991	-0.05271616501121591	0.0007796459106702675	0.10402256257036409	-0.04744112820465396	0.060602653449086524	0.01523097877253511	0.01224228688393352	0.04751831139038467	0.004753939445668256	0.019187696747366964	-0.007553082823746367	-0.004953365855518429	-0.01597637952449417	0.019806513584791106	-0.01495741235259801	0.03416248636436726	0.0248785897827343	-0.03252942264093255	-0.0031730778302215892	0.016453140474806706	0.030246172346365768	0.002384138721118018	-0.015465805056439762	0.0190098653441777	0.028705779561896957	-0.010094972396495904	-0.048829153861733615	0.1798923635362139	0.0831410293069172	0.0008088617932990677	-0.030035548912116353	0.019824724572901884	-0.017078382333673838	0.011818902289191436	0.00035701183396693193	0.0007071024276322334	-0.00847287700135532	-0.08629428879176619	-0.06405840549649862	-0.0381807066051	-0.005394031053173093	0.0010972592959193157	0.004439457410439146	0.017578288233568905	0.00033178080769180824	0.02127733217555846	-0.006209839985964766
-0.014885030106159733	-0.029522474800697987	-0.05981253198754906	0.027769672264132718	0.04041544713953906	0.06436936649424133	-0.015299469331173217	0.008031680990573251	-0.01792831766168933	-0.02270971873818463	-0.0002310248220049386	-0.045140547125766296	-0.17959079922683455	-0.13333379973372073	-0.04462935515810923	0.08639888629293019	-0.005317942963594414	-0.0016543265193769217	0.018249549428219363	-0.116820702533607	0.11164747295944882	0.006841761563140637	0.05299380993262604	0.040637165999085297	-0.02969067907985437	0.0018626767487169512	-0.13778352867708651	0.090916537103711	-0.000739398193788524	0.009091869834885056	-0.00983023301568789	-0.03523186701446748	0.015101469615141822	-0.03700919770652788	0.011319520870226807	-0.0036634496890287273	0.036975841934774004	-0.10483640706827103	-0.010116344893618703	-0.058503677976325295	-0.06394978799350716	-0.00019893604284479025	-0.046656890062706825	-0.00681280821403919	-0.03389670594725854	-0.009131825949636968	0.004129371299704807	0.02066283185282397	0.11352790498839849	0.004944724358795701	0.03748459093187127	-0.0232670141892187	0.007038572930713357	0.006022308084921397	0.01544055011646041	-0.00036828352305238635	0.13890462817266166	-0.06050366899331992	-0.006911219634194436	0.013849304681033599	0.003383743370997928	-0.044755036644387756	-0.13827802224329386	0.008492434005704643	-0.05206041163958048	0.0027616056697135354	0.02548140420016771	0.010487459422475325	-0.06576663414590353	-0.04725266679034693	6.099878577136425e-05	0.009529928224213172	0.014973906634623628	0.00026965071366761873	-0.008662511462334122	-0.006718993341439144	-0.004090723303966082	0.019954431597914556	0.010223566302081183	0.039944637715056186	0.0048146843950074205	0.004725665799884116	-0.05992212727234388	-0.015227879692164825	0.015430971386417407	-0.018093531565258364	0.021962974803472333	-0.0207308193886795	-0.07005808255232382	0.023682787116482456	0.02235074353612226	0.026513926596113794	-0.015771087775224363	0.03355420022766975	-0.0013272576645710792	-0.0019261939817675116	0.0007844374370171899	0.00322468693598922	0.017993819823726814	0.03498456934285126	0.0507943018229065	0.010851630554199599	-0.032346415094866104	-0.0014536921484244341	-0.002107998781354648	-0.009055481817293074	0.00033178080769180824	-0.03951504546889429	-0.006209839985964766
-0.02210255130140194	0.06657518921775991	0.040685136031077186	0.022323506486390518	0.005118596871436243	0.034614181579587136	0.002796908532358867	0.013723312416741035	0.031298021430221507	0.0127583534507309	0.0007951917644273505	0.01417684250890864	-0.28383280659242377	-0.10417377041346643	0.0219550594953577	-0.059825121284627754	0.004318842449865406	-0.003200134486958197	0.012644782080488998	-0.009170289792669404	-0.04571174576304645	-0.010160722958654663	-0.10083346009954398	0.02909972523490367	-0.005244201971161122	0.0037144451602889902	-0.062439475100934165	-0.0428413789086683	0.0001047024189877546	0.0004251016123441383	0.009392418555673927	-0.06893271333096235	0.04211066787692767	-0.03973824499247163	0.0005489688790885108	0.032336671726026854	0.0002578559048320871	-0.05808541406026069	0.06281982559697329	0.011118638185445841	-0.00040152123236521014	-0.004987114559843722	-0.0030110121613298587	0.00536846852577902	-0.014991495503066627	0.006382636029505975	-0.009037772461060628	0.00244710091914562	-0.07921673196846356	0.0010449866586305311	-0.09801300029486593	-0.017455920572498895	0.06376784966455713	0.002245935697824984	-0.017233454753760938	-0.0026540315220397763	-0.05813706117076101	-0.08450977394998968	-0.09630618697346635	-0.0013647810534164748	0.002427735414941847	-0.04234257832440916	0.02494220672137223	0.04111595769062769	-0.03143398241970886	0.055044654675514115	-0.01839556781767214	-0.01832210251917527	0.0003312586908400945	-0.06263661072476304	-0.0017738884580792084	-0.010574437541549235	-0.009874964812790066	0.007274223625777706	0.00632460049021844	-0.012600125902789874	0.003565093427373023	-0.02500532195821712	0.013690059261498992	-0.002384408695785673	-0.0060040699229939225	3.8941682060055975e-05	-0.03283097669809592	0.025684726828304808	0.0051996735731868	0.006566470041442426	-0.0681284330065697	0.016642389013140916	0.05475491807515164	-0.010806751147505567	0.008158187850368969	-0.03717914621104735	0.01474542846273728	-0.004138019971952054	0.005838097307830664	-0.00032321462142982546	0.000546990085314495	2.5287198149031898e-05	-0.001868046501562268	0.03775408106423813	0.033462080051187046	0.0024285129461193602	-0.03868421806701179	0.0010896837258426591	0.006893445461848816	-0.009055481817293074	0.00033178080769180824	-0.03951504546889429	-0.006209839985964766
0.2913221095383927	0.08021808866785023	0.07701990221671207	-0.01918810909972018	0.010951876299036784	0.06018700564390578	-0.01039758835141066	-0.02101089480507537	-0.015946594797921237	-0.023887182641523032	-0.002326612139098606	-0.017708958747737	0.06420375420599206	0.11650229423603468	-0.038469556528271505	-0.19861609154983306	-0.009027705784655487	-0.0024042959414157647	-0.006190039818317476	0.05527122732490068	-0.040044035077257345	-0.006880991511183385	0.001625643392881526	-0.0032999732526471487	0.02344845094224519	-0.004358568125710306	-0.052626451494638175	0.029487077546292942	-0.0007054998079055933	0.007224202923305844	-0.0016127877253822541	0.1307054808113889	0.046581113211694454	0.0049346875457886175	0.011189243063418423	-0.006761643671745405	0.016655843211662698	0.15276911031041412	-0.008428220026045395	0.06566030853995815	0.10553216524636315	0.06837408924937463	0.0794055791505928	0.011463226110430557	-0.04933075630823172	-0.011631160783428154	0.02581282006104444	0.03672399331710472	0.027844991085485972	0.0017314430269874828	-0.055278844292574666	0.013205691744465835	0.006669542387521391	-0.009292530135979383	0.1804053109139651	0.0005506452242042461	-0.007081300375048466	-0.07606855277885467	-0.007341783161125247	0.0007186858264512955	-0.0020203857533482488	-0.03686725538719603	0.11465356719278756	-0.01177858823808648	0.02145534644627794	0.06584826407589052	0.013274626345251273	-0.01931874079065517	-0.03243739308736362	-0.05135352013245373	-0.012305195737687645	-0.01215305217105597	0.00904160606242166	-0.003267229297969293	0.0034738336240008375	-0.014274202824075887	-0.001715471627449451	-0.037882426748915905	-0.0040928663543935255	0.01885605357476462	0.0027666809572781392	0.005123161794521518	0.00170868585772084	-0.002471410751691917	-0.014707277604258842	0.041592615021625	6.79562836782783e-05	0.013940893362597918	-0.03089277122257169	0.07101086240837222	0.016406505405433668	0.012521924457584653	0.003230960792530791	0.006335758272018156	0.0007602481229997361	-0.0044322097422905314	0.0006080686192843379	0.006775932575232156	0.002746777202857195	0.04879286415775118	0.07596324161351126	0.0018613986255894756	-0.021550622416254984	0.001351424669402888	0.006818046011941838	-0.009055481817293074	0.00033178080769180824	-0.03951504546889429	-0.006209839985964766
-0.06431364229508282	0.03905962996283959	-0.04045807348975588	-0.034644540888992784	-0.005584280006096201	-0.007874494196172284	0.0006433841178231561	0.012382221581778857	-0.03352251064847989	-0.10883857732389926	-0.0014899636295733368	0.005334975294093553	-0.06528286873218227	0.22118139251699648	0.004008809509263854	0.05153449795408363	-0.0017893692892714875	0.005323167538339158	0.0003071726227514056	-0.07029462345868658	-0.03831403214645087	0.005324606055768329	-0.02187852089127593	0.012411737717217439	0.004406154613441732	-0.0028570892609827182	0.20109811558872412	0.06989934088803988	-6.983034807255361e-05	-0.01335721710126896	0.004261366863112744	0.0583226298690526	0.03441080491966497	0.0044813895205588535	-0.019104887259678693	-0.030218951043299438	-0.02058466358676298	0.11368619844976356	0.00434842984283023	0.024034318758824343	-0.02642537782020388	0.019428408204342044	-0.040440797623362	0.012701079833694383	0.04031614332405115	-0.012778720764401215	0.01288494015806406	-0.01770092947106749	-0.06594910342560399	-0.03102931915905386	-0.06933180891025469	0.028512902489719515	0.007350831740611145	0.0032958805937300245	0.421101619869962	-0.0007312289661760734	0.06129527476161773	-0.0800954679058248	0.002885069933834742	0.0033078092022589267	0.000629768928204173	0.06986359518904851	0.03200062271471708	-0.04662972180474363	0.0209895538608159	-0.026726641028640367	-0.0012485487878753066	0.03579217614812094	0.04347103384763935	0.07010996763308266	0.011074013076671598	0.010555416268152318	-0.015692689085948296	0.004830154712462403	-0.009914113167914268	0.024784117313432604	-0.002949824521623499	-0.06673620207692157	0.03339937198514082	-0.017330099689734705	0.0018810039277765566	0.014000387922093488	-0.05992212727234388	-0.030244787075801388	-0.014054085865772321	-0.05093650214617982	-0.015965201623847465	0.0009892721997168058	0.02219258706364547	0.3104589935617468	0.07482901920994382	-0.03040548813039116	-0.00039152804891917495	0.030023943064149825	-0.003724720219400738	-8.252649042698762e-05	0.0010616670986795607	-0.0027651397429070764	0.0005018668771375413	-0.07943245626616316	-0.01756164861620836	-0.005707479450340024	-0.010436179548880741	0.0008008770971968002	0.004716461677738044	-0.009055481817293074	0.00033178080769180824	0.02127733217555846	0.030318630519710326
-0.204307275574774	0.02116475559581652	0.0187299798270012	0.03494884969877607	-0.000571528258308345	-0.0069789606344445	-0.00440449744138017	-0.10532869986288962	0.021788997738449445	0.03891455810990782	0.0009876973634436862	-0.006294213992978411	-0.10184017587141643	0.061630464667477285	0.017047043722127384	0.20085880866705147	8.870238839476931e-05	-0.0013710714586800223	0.015827615591226078	0.06771245052040123	0.08438272774624808	-0.004578029870487171	0.058573573841563656	-0.23186887323074154	0.004826804857290166	0.005024027831788972	-0.0515105413793447	0.014293365399192104	-0.0003880053815243981	0.006239916101096756	0.02666890263355107	-0.07621805766924342	0.012522765261226863	-0.02368503644276517	0.002458453539876281	0.001585015329284019	0.006469506351589158	-0.08117777658694629	0.014575893177995939	0.002440203164466336	-0.05061939704829094	-0.03769055591577278	-0.050922095745815125	-0.055454717467941034	0.015088866711029042	0.006694706994329393	-0.07074322142155806	0.004466961340764713	-0.05024028116712288	-0.001631821583504712	-0.009650748282416305	0.011403368420512476	-0.049957319446590556	0.00512504673862344	0.08160367836005297	-0.003051635772014109	0.14772233398087364	-0.060165166222616744	-0.015979301679524337	0.00776997398043906	0.0006385465268534909	0.05053084940652411	-0.16948495884489306	0.015831650794903555	-0.009168536562881944	0.009469644005430693	-0.0412833612508574	0.02947416654884374	0.009568404171470363	0.02791191032186067	0.011138022127380125	0.0036488493527996207	-0.005571365592030739	0.0010167063311557433	0.0038155148177350324	0.013224160953337748	-0.002348224313741382	0.11764279218609454	0.0386387522924481	-0.005702617608213984	-0.004975454816509708	0.025150618860103266	0.026040095401506595	0.06177369755564995	-0.002721298399335067	-0.008599908044382392	-0.0003119169481386039	0.030425394096170382	0.08156753781540603	-0.21071471832711028	-0.14219909097056094	0.03334900657479432	5.224042488941013e-06	-0.02313260777879373	0.009304046130280215	0.006277189803973633	-0.00014624647399847276	-0.0005231752156243107	-0.01038600318242116	0.028825199580914004	0.012291379461065005	0.015780800161199475	0.009469542106049382	0.0026070469474175364	0.0036838232145573885	0.017578288233568905	0.00033178080769180824	0.02127733217555846	-0.006209839985964766
-0.10032795096024419	-0.09381558246122816	0.004640188421625139	0.014187002959917025	-0.054409269673953764	-0.018485101023017866	0.02165053157253814	-0.01530977859374744	-0.011878422974261567	0.044493732423749	-0.0013545432965180388	0.007776537904163972	-0.027590432717966053	-0.0032385293160945433	0.022217204447510953	-0.16180491602060726	0.0051896470538488285	0.00697472924794756	0.005316489523800743	-0.008631362766978559	-0.03815919605514954	-0.0034633765608919967	-0.03169856327392645	0.11479147035251608	-0.03389550697662797	0.0004382889853723617	0.11400349544641566	-0.03626363017522366	-0.00015830394787697048	-0.007543868897659546	-0.009237069862131563	0.01243372817401735	-0.06607312424868891	0.04074438158582248	-0.014680596226782082	-0.019915130631358517	-0.017232542416720283	-0.11120359013183356	0.01726453873902038	-0.04535852519501801	0.08270289727305472	-0.016614000032059453	-0.008262898448833659	-0.010028479101746049	-0.03567009691240619	0.0008799677893406501	0.027564897270260184	-0.00033227971741834586	-0.008622210771217394	-0.0005832917499454231	-0.010176265955808143	0.019308114875340013	0.016049358828034363	0.003949259120296406	0.10257130947518547	0.0020717169512046497	-0.0028832140462732104	-0.06237883092498418	-0.0009629972149918796	-0.003825366354630472	0.00196920823595158	-0.007429745025072926	-0.09030988126592233	0.03256394902998863	-0.022330764044987197	0.004350738367732729	0.012362031390299516	0.010618369283320791	0.01903445119123745	-0.026108612305460004	0.0005612787275746197	-0.011735996937237913	-0.01332840896445496	0.0055386827228266445	0.006779116249552941	0.0069813279769474655	-0.0007899113091276507	0.04208514862219435	0.00495177756322808	-0.016242915632383025	-0.004743853618296042	-0.03781777760431677	0.027602357153173256	-0.01943885283423989	-0.005222589174691502	-0.018120041264366758	0.051177386936846606	-0.021667899039645076	0.01419469463285611	-0.03911870901090291	-0.051359272483403134	0.00959277487975737	0.018537055606983408	0.008058510731093522	0.007036202546443858	-0.0038363608133117157	-0.00034001135577931235	-0.0019382117663248133	-0.006890751237258388	0.00285211234625634	0.014220340314813205	0.0484482575998625	-0.004999673522279626	0.0023527628408283705	0.00743669333600247	-0.009055481817293074	-0.002038082104392536	0.02127733217555846	-0.006209839985964766
-0.05158525440619584	-0.014531820227914476	0.03469982861264835	-0.035170151647691966	-0.09586868385249582	-0.0028224904465413998	0.04309020258089206	-0.041273586530458206	0.0012444634138997182	-0.00538611484514149	0.0076224438479098044	0.06352501110962243	0.06894534895917083	0.2437212891360546	0.016550134428711293	-0.1781862066407879	0.01683004202736633	0.010207135626908467	0.0005813663288137712	0.018201944557698493	-0.06093077961636952	-0.0032592003300120002	-0.20248680871532254	-0.05982185544220192	-0.04633090735784929	-0.003990137135226654	0.24094601628983942	0.026692013101204053	-0.00043604468477396053	-0.019901205895588827	-0.0025901841616875186	0.12033390786393437	-0.04001121115135785	0.034260524453991095	-0.02207189375349657	-0.04562953653283162	-0.046892560323588635	0.18629848869457052	0.005581054671065717	-0.013062196051516642	0.05500979885870534	0.1279969975381036	0.0659463973102141	0.04673281134699212	-0.014427364125542307	0.00041010588522515996	-0.009133709112642201	0.007004296606265586	-0.07328757188394122	0.002067836524912023	-0.030401197063334155	-0.014877617387320862	0.00857577536218483	0.00787616837607198	0.022645951459656328	8.892184272021289e-05	-0.1608907117937809	0.024471171604094892	-0.012306519148507798	0.007977231348069807	-0.006578483037165478	0.06901641763072705	-0.19579716841363703	-0.003916619852007302	0.001332525943065102	-0.0006196340436934878	0.07751610510610246	0.0027004094457027377	0.020102520407146413	-0.0013196163376310206	-0.000981398216120854	-0.0008747647888562331	-0.03174720780982207	0.001436650970112284	0.004993914436933819	0.008027006748754773	-0.00458453141937964	0.09320096110945729	-0.022063490415635482	0.005771225695002259	-0.003784086940973186	-0.001023141462338018	0.022736879184899146	0.061993808579889904	-0.010275474544562326	-0.05069814371965203	-0.03840287994699964	0.015979713368574358	-0.022737171090275524	0.0061093292788746865	0.030361138254414992	-0.019924536472227763	0.005641529847944849	0.06252167756931214	-0.004017426826522536	0.010366008090231785	0.0005298887404481197	-0.00457769722821706	-0.027054821966114743	-0.12964176272180433	-0.18002235303898517	-5.412410215502743e-05	0.021928135125187938	-0.0003026743334823422	0.0012067619891039587	-0.009055481817293074	-0.002038082104392536	0.02127733217555846	-0.006209839985964766
0.20041687481542161	0.1604378304215363	-0.03385544788264639	-0.05911747664632767	-0.04926521170925919	-0.006230941376909354	0.009921203479223121	-0.09845945382793475	-0.00731988058036889	-0.03322146300431416	-0.000985795588012726	-0.012210984271547529	0.08726303075899045	0.7132047971359129	-0.001424330714701427	-0.0005749238947134015	0.008919156083507527	0.0020967139346555028	0.008248813349903657	-0.035441853468842696	-0.1135179555028453	0.004338198791892063	-0.08181489090153816	-0.015976247792013596	-0.051977473091630276	-0.007154430674003829	0.09705303664774448	0.0860669033598277	-0.002328952305448961	-0.00838917755288321	-0.029454425381600913	0.1388692457383245	-0.10253483460312698	0.07625611940108466	-0.012504757768743486	-0.03163873794789037	-0.05589882201383777	0.31399418016597935	0.010337333991981655	-0.012404724246846396	0.03140100857384705	0.04310600125836652	0.051947370527405924	0.061746957262435766	-0.04679732306319571	-0.0023289774047959735	-0.006725041871137311	0.07654498691114045	0.12139468723084151	-0.03102931915905386	-0.049623895965092236	0.008691802914443048	-0.05245374382869262	-0.0027295124794112394	0.2281341427104657	-0.0011676025896690228	0.1158470885439227	0.31032215507230854	-0.0036136852739590626	0.008287176109374194	0.00015695558511112802	0.11946750037150668	0.15662191568536335	-0.00828100750359133	0.03212486402346615	-0.018358577043968826	0.05150913315869753	0.01078097996281461	0.09977636210811545	0.07810056855027239	0.014888911753032773	0.03174332843473631	-0.019854208635820204	-0.002448713751888455	-0.008273320510966962	0.024688652998610287	0.002132385718532852	0.0846549614979034	0.016607573562665644	-0.06202367112018908	-0.0022041384432933014	0.020710066560555653	0.045585778318368755	-0.0024692778204419372	-0.0013863025720452565	0.04426549279990852	0.015736327055429798	-0.03546416310745998	-0.07510351561827902	-0.09938495480211962	-0.056646197058495065	0.07265196384595866	0.005929245108338218	0.028906950834658787	0.003930583988871785	-0.0030371508544319095	-0.0010687080397629343	0.011215583306614686	0.021719797878208415	-0.030639369885562043	0.044045430960478485	-0.008221068252903736	-0.03236178551338044	0.0032633132155695838	0.013330932137495083	0.017578288233568905	0.00033178080769180824	0.02127733217555846	-0.006209839985964766
0.1360750079411461	0.06956771555926479	0.060365306474725745	-0.028609861163844647	-0.04469176299150593	-0.0074416079319758605	0.02923748840862385	-0.08095118136822853	0.04091177825316165	0.022762641699960257	0.005304035846763598	0.019210829836981715	0.06617794357120942	0.25428093755140097	0.03466310311183602	-0.09265995203824555	0.00583105996167707	0.003935099571598697	0.0011282293280858828	0.06684515711366887	-0.11997310853928903	-0.0064973730680706904	-0.12840609491778976	-0.054391662494609215	-0.11407804246963824	-0.0034515312643677415	0.20673504548007607	0.09148647543368789	-0.002149602115249409	-0.012268899000774623	-0.019869733607428924	0.12850506775436668	-0.17371227865787228	0.037660663226587045	-0.00810629866066981	-0.024673007302094076	-0.04867184762544227	0.2042327325888952	0.0031172271492583463	-0.02943623934323277	0.04466737047961615	0.039686736310522254	0.10719984531595342	0.03198049393910843	-0.11962074726969237	0.031813792111682525	0.0006656798263979766	0.0560382207363259	0.006325918392843948	-0.009968218434748103	-0.03861461818674242	0.004589812150103904	-0.038026626450269066	-0.0020967492662754784	0.12917117722966898	-0.0029931323311648333	-0.6531179792830508	0.04343400508537479	-0.02422255001490947	0.004952645857862029	-0.0020551711393227905	-0.05474039082169526	-0.10175408967482306	-0.028580947546200376	-0.013151274180133435	0.02195392885358627	-0.08277605107235396	0.0029448689597099485	0.006375777650859067	-0.015834773487250816	0.0030652357132157377	-0.007957106447217118	-0.004438973829815206	0.012625060379915572	-0.004040615644942957	-0.00865073565342726	0.00582215476405826	-0.24751914690181173	0.03357532972675973	-0.016453298014187684	-0.008265811960305567	-0.03781777760431677	-0.05992212727234388	0.012835283288959524	0.010761250372181062	0.004539299540150791	0.005736717304527804	-0.007083637227024012	0.03614225405376846	-0.13117872226459218	-0.045757120477176366	0.0474116403740746	-0.0038625338339829712	-0.10455464790109918	0.005291315364289056	0.00573562374614478	0.00016493038921175528	-0.0009975014301338004	-0.01454858558733727	0.022377240887151668	0.0723306132795149	-0.00026091220330670613	0.017566586776237125	0.0016141940114267899	-0.0012507905696343782	-0.009055481817293074	0.00033178080769180824	-0.03951504546889429	-0.006209839985964766
-0.006457487394421602	-0.013898626164872849	-0.03162092018829231	-0.0023934956169166122	0.041969516483512485	0.03786683630656755	-0.009584099861382136	0.025373729855615118	-0.02757453745455259	0.052977394497143386	0.021531085179413	-0.02073844787596159	-0.0917061871008712	-0.2154866265372691	0.0665856976398482	0.0007349563082730738	-0.013345607148804705	-0.003922632724636657	0.0031548720752430726	-0.033819632610221896	-0.02223727513298805	0.00435235836554305	-0.09764777325896534	-0.005047996429349291	0.06281351071840624	-0.0017246486879539788	-0.05297066408488239	0.06757400073637676	0.0003789349330001467	0.009425288142255118	-0.008576373469995683	0.03803801906931932	0.07685921092499504	-0.027800101770687646	0.002300259589495208	-0.0027155406283201266	-0.0014992585119555516	-0.08661673021525909	0.00620235843748742	-0.017381504878732374	-0.06829935335650884	0.0005990717945069798	0.017265189062211396	0.009422619934463665	0.03659082465080306	-0.013104659235484376	0.0035684439193862543	-0.0041245260812429645	-0.024644410468616342	0.004925969997154544	-0.009575199345664321	0.00945678546570112	0.010839896681313181	-0.0076275833333353206	-0.06600941677120069	0.0037172842454367624	0.029419566524845932	0.048500022546585086	-0.022538791244846312	-0.004295583110716608	-0.005780779082294628	-0.11578462621544022	0.14545859531682298	0.05559462621847955	-0.0589907566347938	0.01941995807827373	0.016088735687348577	-0.01665962744620343	0.0027399521798809	-0.04358683390642836	-0.008986172344217674	-0.010849628123067296	-0.011767640348770075	0.004325027705471688	0.007954421187055994	-0.013310840483731465	0.0017120209203201698	-0.24751914690181173	0.004708622004520569	-0.0073893635454318875	0.0022808089616886138	-0.008196441394471012	0.02712638249405588	-0.09350925083725463	0.005724815715186727	-0.012031354459614306	-0.05366005220500706	0.00026750252849776137	-0.12540754043626062	-0.04173437679634953	-0.010836193533006095	0.037993610567289074	0.007588676763957531	0.034251359870739816	0.012173956085398598	0.0041696226214028576	-0.0003773445000846556	0.0030843292799986304	-0.0226047475606661	0.0905485353711716	0.03300708705863502	-0.004547227445881639	-0.01395179944026003	-0.003582812835163114	-0.006372408967224519	-0.009055481817293074	0.00033178080769180824	-0.03951504546889429	-0.006209839985964766
-0.22014343788529075	-0.08555266691584967	0.017344387122544953	0.038084956235636666	-0.03091345077249977	0.026155128472819828	0.006149326163342638	0.04881794117502025	0.017769721943337025	0.03398625461969047	-0.002288671907043169	0.020951851870934558	0.00455052777472688	0.08130172602923585	0.03809218109432616	-0.02327053810856004	-0.0019067395903640274	-0.0027587483605540615	0.003211815171062918	0.11930054950446806	0.08725796456952095	-0.001725962789283305	0.10450551521496788	-0.02730258190767824	0.06516432166287177	0.004156940788438784	0.004710641144406201	0.02270468428812639	-0.0001244294338997831	0.0033506115416547374	9.643227553538153e-05	-0.014142786489492912	0.04618460355089604	-0.031991068788835605	0.006528669933671461	0.014855201342042719	-0.02353781243250285	-0.11681326726840822	0.011405961517362579	-0.028416270165741803	-0.08310758472385503	0.013318275111957621	-0.02324692363694103	-0.034059810353129494	0.0489729849457893	0.005045907339580611	-0.04102972931859639	-0.0021085663472735533	-0.0413723202309583	0.0014553890929523694	-0.016202104551703084	0.015101594143990087	0.009779500379672543	-0.006100033903242681	-0.039306547757264075	0.001838999079157865	0.03281340710521355	-0.025150229221081826	0.004223520201398789	0.0005520448421721173	-0.00045365789467231615	0.03776506158362004	0.2870209838720265	-0.024224602536157328	-0.017207123375145312	0.022182543741166325	0.001566153162923373	0.020660718419924336	0.0439884865954061	0.07639976306997659	0.011415826198289838	0.02119749987286678	-0.0052952569692923225	-0.0011780559185540864	-0.011285722153077412	-0.008333610823009907	0.001035057264282057	0.043229356380327	-0.0018791334182277364	-0.00935684401869081	-0.001038433797085396	0.021724882298816098	0.01649805048808949	-0.046801659235472685	-0.0016936330242486289	0.006422324227198008	0.09724058202002735	0.04116893787048205	-0.048011800284251234	-0.0840621928276199	-0.02945234764409463	-0.019092772314992425	-0.00043217441199524956	0.0020209781435853802	0.0010533432016974938	0.007290382610803591	0.00016735518964731638	-0.0026539232989657518	-0.005887921247364038	-0.1818031688332298	0.007186655608878152	0.05975997174452342	0.11527356280141374	0.001641507549662999	0.007886053966017898	-0.009055481817293074	0.00033178080769180824	-0.03951504546889429	-0.006209839985964766
0.13234072596800922	0.16368623195516238	0.09021758980885637	-0.043388279377637326	-0.04803910869366344	0.04043620323226666	0.000478711282788413	-0.10121077134703968	0.10925425655947316	-0.010550095018751027	-0.002522646435004373	-4.5613458060705054e-05	0.2214524868554886	0.2749219189121756	-0.012036566908301766	0.09430279393587283	0.00810636648103775	0.000670682394099322	0.0066983251727475305	0.12135729251876456	-0.24275630462127246	-0.010170681033553744	-0.14342887595476717	-0.09166333032355325	-0.010122153843392698	-0.005828080299523999	0.032649870445300884	-0.05083228168000121	-0.0010326196074451688	0.0023175516904076856	-0.017772547330010064	0.05392854731474441	-0.08171201876424888	-0.042479483126180134	-0.011265376442808353	-0.013954877188877803	-0.02250847833262048	0.11457373642520065	-0.02463285126022625	-0.006111249666554279	0.018930950151012895	0.009554230999395332	-0.018944758365996035	0.03527883375386305	-0.09252679279816753	0.04892213113000207	0.06259326594358275	0.03310345855578198	0.10721292601246621	-0.011020760059823253	-0.02239452821364038	-0.013967520901252937	0.017694643767272405	0.0017590999870384788	0.0037896179091015817	-0.0032553109661299633	0.07996168393419908	0.10512637124366893	-0.007958755497603486	0.0024555162353946574	0.0027081222569807018	0.06999957530576677	0.21010383984740852	-0.00569115942112929	-0.04852245147306693	-0.05394747043818071	0.03746829887291758	0.019360957550758905	-0.030262550791396985	0.07072740905631017	0.005943000160121462	0.02536213290705713	-0.01636925600440581	-0.011153480385354304	0.007741128533068641	0.009979998815598558	-0.0041022355171785405	0.08693199651327074	0.01664285862526168	-0.018007195560768588	-0.0003986126653363105	0.02078962961492384	0.02829359558740194	0.009604638387636269	0.005656541323027639	-0.03878528841362194	0.08557976647748773	-0.004456012077900827	0.07087433701393929	0.05557630002227806	0.003495240434072143	-0.02910814320818211	0.002809615962634329	0.03150737983508322	-0.008212098351642636	-0.004932487143628237	-0.00010526724633734777	0.0016157387926497432	-0.005263937201323588	-0.057420057310819804	0.005915998825788767	-0.008373432668547984	0.009767316641000515	0.0022009404899388466	0.007694752217874912	-0.009055481817293074	-0.002038082104392536	0.02127733217555846	-0.006209839985964766
-0.007712410734966374	0.1692242388723573	0.04228094861310555	-0.06046237030780232	-0.005973452752623915	-0.007276951868991848	0.012358355654703763	-0.06641689598193225	-0.0008013882778304624	0.013774660297120878	-0.0034114999955326495	0.0014242390590525427	0.05386238994334126	0.45680449251589256	-0.1092166353867736	0.1173153017668787	0.010431034839234106	0.0021262854876126377	0.017027399833879672	0.06259904987873353	0.048490336802735665	-0.004173929346419745	0.06938295883258458	-0.08113582164903375	-0.005130176120487271	-0.006748431377106334	-0.0003488134606318841	-0.015028034804023836	-0.0017730509718098127	0.0006768436460487979	-0.010605173106714418	0.0043101473143633984	-0.0644621465085955	0.06277581215903903	-0.0019031953716254788	-0.030477384969581984	0.0026180204536958235	0.038904048612118214	0.04563604845032054	-0.001309329948120164	0.007309055828646695	-0.09101068527997877	-0.024975299708208807	0.03595045538631233	-0.18179003447378195	-0.001757111298263496	-0.025973663321823864	0.051973747350935365	0.044937985892392875	-0.018420311049348895	-0.003514348895371573	0.0022953237037528188	-0.021275461310857745	0.0010695949239398414	0.13881351523138544	-0.0009960027118166512	0.08043364216197801	-0.08357202242643096	0.0032701425329489963	0.004239674714732604	0.002527763010268354	-0.19864564839632912	-0.0819077437391477	-0.010915385634302138	0.06583901647602411	0.0384574757099534	-0.10947092283482308	-0.07439293994465856	-0.12152250287104252	-0.15457278386688064	-0.06134187425941777	-0.08764215267398193	0.013887265402200442	-0.010975661363463191	-0.004121579558699773	-0.014210632644689886	-0.0040660871318396845	-0.21837471734449068	0.004462596933266919	0.020958227202495457	-0.005345461569982913	-0.013526279907520367	-0.025009307178733193	0.044429631871195	0.007649324714044663	0.00855806520079588	-0.05135813850388353	0.013686651992222335	0.12545610121163647	0.006280162549706893	0.031399523800171074	0.03389038445455641	0.009935113575687464	0.019686307133378007	0.0008376645067552228	0.00012431316779326737	0.000693392303577297	0.0026601768569859004	-0.0032425245585716916	0.05289612455287112	0.016142590250664408	-0.015571976324917546	-0.013045221802068855	0.0004657220222495168	-0.010009106090347265	0.017578288233568905	0.00033178080769180824	0.02127733217555846	-0.006209839985964766
0.15314236454456054	-0.06095906922572314	-0.04234521388332271	-0.017110705476583297	-0.08295796848186315	-0.05590981210629755	0.027456930176939075	-0.04003385326139538	0.003325115899054247	0.003053899474544945	0.0064299843451915105	-0.003896753583320096	0.21655936599424425	-0.06102058294425948	-0.032468322698919715	-0.054377838074721595	0.007214895827457048	0.003495520433007726	0.0061266094235522305	-0.00836575526705416	-0.04010140365154634	0.004785473384793884	-0.03606725053968769	0.06670977538420271	-0.02109148172991249	-0.006451385172331482	0.09536921532462682	-0.07584672184505832	5.5158703775016626e-05	-0.007959446052539593	-0.009280633128305866	0.1314430842841223	-0.05712764177007868	0.010633357909748797	-0.011292367036955346	-0.032728075372335824	-0.015441867071920929	-0.007319159142066151	-0.08116051881627216	-0.02243641044090669	0.04312278379773987	0.005012523888098097	-0.005246091677538991	0.057522426271937765	-0.0057938012297066455	0.002353917279433965	0.05000739094117886	-0.01666611186863888	-0.038806889228004265	0.00327133421846362	-0.00805581848064714	-0.0010343825234838755	0.006611678315785196	0.005605772355952525	0.024834793719313422	0.0011968635935598279	0.02889468939719856	-0.0157252912769366	-0.022496974152316485	0.0032064368813061288	0.001745959990403954	-0.014234044066506166	-0.05327301086746369	0.010232822699774912	0.01801687282546174	-0.0003251958825753975	0.0030290821319588395	-0.00718395950359417	-0.020796713798774326	-0.09473439710820228	-0.008372299363577147	-0.036588355414410426	-0.01673092666142552	-0.007887447250537239	0.008907677572768911	0.006426328765872045	-0.004215675051421877	-0.0017947240476918205	0.013252100106725164	-0.007917042238803485	-0.004135881886635932	-0.03781777760431677	0.021219353292703465	-0.02401167082374689	0.013918393998330782	-0.02397828847335733	-0.007880369731428898	-0.008254549348018192	0.020131418031978193	0.015796846530218654	0.023197329790262095	-0.0014382273553700201	-0.0032104966194642153	0.0210115166117116	-0.00628789747780483	0.000767675551829962	0.0006960555363962774	-0.002616438058799437	-0.011818009807826824	0.017592644102572445	-0.07199436936276662	0.012972156269361598	0.03534223911588516	0.0012209903981038877	-0.004386921442220205	0.017578288233568905	0.00033178080769180824	0.02127733217555846	-0.006209839985964766
-0.008904619745760586	-0.02090982631908839	0.00037119207286340466	-0.017388874318458303	-0.017855303609872492	0.16110011424317158	0.0048191846771131934	-0.03608553075647294	-0.006733121984162519	-0.05751794999901384	-0.002449438249600878	0.017236201714924532	0.01419789204284336	0.1901019089118138	0.03962077215793091	0.04635794024537862	-0.0010705501939978059	0.0032214775917673304	0.011022338562753538	-0.028901060154038507	0.053983518451279085	-6.723031654968949e-05	-0.008291362918154953	-0.0001897100756599341	-0.049496692052428994	0.00021087520340932933	-0.05284690890450605	-0.020790573278570673	-0.0009706432833057847	0.0028674033073321694	0.0017623385178564873	0.02247987078071632	0.0036180655328258743	-0.009707597536950652	0.003947123221948189	-0.004346417605114959	-0.00399406197852225	0.0035529746460639753	0.008162596278674987	0.018809777802867397	0.012796334968283826	-0.01955756232928096	-0.05955745129080411	0.01628447379795536	-0.06716549759136141	5.799891703487701e-05	-0.015426455825226226	0.03077995659412122	-0.004233928568405666	-0.001671009875978158	-0.026596914390465944	-0.015095307011804827	-0.005561124073586666	-0.0017487672325952476	0.019842675266645324	-0.0009290455178966616	0.08044207500893083	-0.031076358189868453	-0.006282866665824742	0.004617745763001053	0.0026508606973138287	-0.03138498098886752	-0.05312278926070516	0.11108752075191924	0.13124301208060585	-0.03570744454554133	-0.0835211497292455	0.004792411830767839	-0.5738196506539962	-0.013192053243226913	0.007278619086492595	-0.1932920954711155	0.22028754700818703	0.0099242202901172	-0.015141239617322439	-0.0037703296601530652	0.007105675931831582	-0.24751914690181173	-0.12792610250054898	0.11319654249936127	0.04288333524298867	-0.03781777760431677	-0.05992212727234388	0.07947918132677015	0.0012045676903789247	-0.002593735305589654	0.033975092530916365	-0.0330609766172567	0.0038463243211151904	0.0442493161530777	0.02607324317171492	-0.031098285297221254	0.014844070948225457	-0.02558834884884101	-0.00617829910321242	-0.014313755973461706	-0.0020948054677556427	0.0031963472057946773	-0.017830765062236496	0.0005586753460893221	-0.0690838673217558	-0.007080057581786713	-0.024456181671622137	-0.0004953815045628815	-0.0025006018561567777	0.017578288233568905	0.00033178080769180824	0.02127733217555846	-0.006209839985964766
0.24620520166595466	0.032497033886130504	-0.042783903144772956	-0.024567776912417256	0.03532552922770695	0.0030767298201783374	-0.015389359683343533	-0.048176004389104195	0.0017573777708977058	-0.019024338575770357	-0.007303316884884199	0.016322399641271006	0.06862310881398162	0.09568203048698193	0.025888964005854782	0.0012628246150054529	-0.005094096009986692	0.001151137673891485	0.005410393390120106	-0.0628781612902784	-0.06485519959486419	0.0047540963208279365	-0.05238082630766264	0.016884985223161116	-0.015629982394100534	-0.001648139521371812	-0.01801446295589949	0.07825374989087087	-0.0016614172240523065	-0.0022686228107946364	7.800826279685026e-05	0.07512359867329697	0.06610583344354429	0.02048098181932543	-0.0017917685756726177	-0.007547355774433484	-0.0009184194187334431	0.1381222921008199	0.0041604564957489895	0.0424291486136838	-0.00012183081603355649	-0.003923459822012809	0.002578869372973612	0.0059411587582529025	-0.026504011523167607	-0.0008343125883652117	-0.003551098797583792	0.049355493631814296	-0.010241036128986346	0.003461511333064196	0.03108556757459971	-0.10355165843955642	0.021222079924749213	-0.01682327582696581	0.01743818500983155	-0.00032499938106176707	0.002696857981168501	0.062156682845926445	-0.007472985053719147	0.0022250144850658017	0.0018755870879939003	-0.026165302684309326	0.7262987296567227	-0.0885366015747099	-0.06220944815527829	-0.7069899725269513	1.4132522033678916	-0.23913238102329298	-0.5738196506539962	0.14980775986021133	0.006549588631500001	-0.1932920954711155	0.22028754700818703	-0.09551858762723567	-0.008148605552795306	-0.0405035292937564	0.00012709355910963204	-0.24751914690181173	-0.12792610250054898	-0.045402340596747866	0.04288333524298867	-0.03781777760431677	-0.05992212727234388	0.0842625799030064	-0.005511373163013668	0.012982295569742015	0.04181684645894853	-0.0053574885403451815	-0.0723315486734236	-0.09466730067393249	-0.09818019532548404	-0.0057678534201524015	0.011370748748768028	-0.0086754916358499	-0.0015142483293247135	0.006619895589909949	0.0001604426840133443	0.0085449071016095	0.006826407966941761	-0.05775359515327282	-0.09013035189535883	-0.002300134499214084	0.011779379826022089	0.00022624417906124943	0.003489236506028321	-0.009055481817293074	-0.002038082104392536	0.02127733217555846	-0.006209839985964766
0.006118574445534369	0.027206207108264446	-0.06471415125633145	-0.03466302696342712	0.050649768750389366	0.00017479475287110447	-0.012888687249809192	-0.01149009748473936	0.0021742084007102197	0.05298872205247948	0.01026197754099127	0.02031459368167742	-0.029624114150303776	0.07050421720646463	0.03507727923379737	-0.06281401362758735	0.0030550240336371507	-0.00505990455612124	0.009996587982920207	-0.08639641475688663	0.03745246687518823	0.007909722773905684	0.01825034835108246	-0.008293345457505333	0.033654786288791816	-0.0011015855868182246	0.04349597220143836	0.11757520965988026	-0.0006426485979927325	0.0012616618351712458	-0.02679078617947608	0.004653886129945303	0.006374733389725212	-0.01033534248598384	0.00943099203179486	0.006352010679848402	0.005061961756862818	0.0012896237499322918	0.016362201166525727	0.0570571806008982	-0.03387827213875361	-0.01545252151391151	-0.04077414467434266	-0.029624986951190393	-0.01930942006810705	-0.0073628689248921445	0.02154644034749724	0.018616865444668312	-0.0708466904849399	0.0046476979130741485	0.026470297848467345	-0.10355165843955642	0.01680842807564325	-0.002158430362877281	-0.01828229111020961	0.000557631532137776	0.0452033285104902	0.31032215507230854	0.018763410301601977	-0.027985255493399835	0.001865519717768075	0.06888829344822446	-0.2023596255360799	-0.025726999629358458	0.1474056275211052	-0.0025316962054752435	-0.08505561801409697	0.020775768753176035	-0.035730620250195716	0.040683286234918646	0.013044880551716449	-0.011967063135155552	0.035342708634005085	0.01727705366295153	0.008741074708514355	0.0014939564326404673	0.00914712435598475	-0.24751914690181173	0.023508621400397108	-0.021343443202583173	0.0026256193748417436	-0.03781777760431677	0.04434602043450478	0.0019231988356159604	-0.005054332509837262	-0.02514401270160935	-0.020931854517754887	0.008726711016869839	0.019384651237573533	-0.02545173587643327	-0.08428361599176966	0.04293026820577328	0.00023690427422621803	-0.007187319995198188	0.004132684236079294	0.0010965984761861496	-0.00015356880074038592	0.002186955951836736	0.02132061584796796	-0.031186283614181787	0.06032575957274553	-0.014279752558751498	-0.004585206124791032	-0.00040814031865939464	0.0017848780140049777	0.017578288233568905	0.00033178080769180824	0.02127733217555846	-0.006209839985964766
-0.05274779504491715	0.058877930234765764	0.03544989060198275	-0.010839630514283032	0.034686936706939654	-0.025077300948636985	-0.004949292017302662	0.048264303903050684	0.04586845635948954	0.020499023536433732	-0.0015899687211213152	0.0016866724692607374	-0.04077302756803451	0.23979700233571566	0.0025829925120993617	0.08406522302933488	-0.006150872322043671	-0.003117616822583091	-0.018960562156876727	0.09678369869264028	0.12196266915530184	-0.0041766818589060485	0.15894316674504463	0.003701150424575137	0.02813030224971238	-0.0016907763293111454	0.004684707708691072	0.014190524073689148	-0.00043594990800185305	0.0006225286614100439	-0.004345012371417616	0.027786584710721388	0.03365686355017083	-0.07612999237784047	0.0025658097616777053	0.024590655404244155	0.04381364071303099	-0.02985792736198891	0.029266950217132742	0.016728044431623908	-0.05629834265864642	-0.013848402751265011	0.015371910430546674	0.005098184802028954	0.011818567727089571	0.016679033460164236	0.034280206015178984	0.014455457468306057	-0.025991000907229472	-0.006726370449548534	0.06004262784403439	0.007576705714007322	0.028822565034807266	0.007551496728418528	-0.024140182685624602	-0.0003410802735955137	-0.02226029881979722	-0.06442613359293604	0.006282897951220099	0.0007943197671780491	-0.006333954189740011	-0.008040084165885045	0.04154620563397072	0.019968212909573315	0.00318643508006906	0.014830403244426875	0.06667069600181133	0.0340856028519763	-0.028801272066616132	-0.019409331979121217	0.0020695178547610205	-0.0027513061267509147	-0.008507718581697545	0.007854289766596082	0.0045024245614269385	0.005626862109596922	0.00780978773873847	0.05008574188190286	-0.006582435855582899	-0.011695906667216361	-0.00048744565447782353	0.01489481277140552	0.027421774457091406	-0.09340866926471171	-0.01953164967639935	0.02183053452270094	0.04940719106021338	0.03809564119852944	-0.08205694224606397	-0.07165349875385722	-0.01023804667547969	-0.04233400406607967	-0.011437755331879195	-0.01558812476980229	-0.0063352970935415965	0.0031158123159834134	-5.818690843483543e-05	0.014585706324443703	0.020574136269955027	-0.021487475092947808	0.023623327713935258	0.003858611567007405	0.0054196934097028564	-0.00047151524323076505	0.003092862519394566	-0.009055481817293074	0.00033178080769180824	0.02127733217555846	0.030318630519710326
-0.039527315268321435	-0.007639719646307287	0.0004727189340851747	0.019552177679506382	0.010037051505542762	0.007643428482666157	-0.017491889811025632	0.01937380545209484	0.0001463138991940814	0.003982590759122277	0.0003425785047376232	0.031973635809700814	0.025122701473099675	0.017746176555945525	-0.04982984557147999	0.10417459608642386	0.003370795674002106	-0.0011385946059014977	0.006191782012233225	-0.03928407918038603	0.000811577464200331	-0.003443554398613662	-0.07283867754038349	0.03935960528695683	-0.01622416644584465	-0.00250980484884179	0.11206036026016586	-0.0025669317586388025	0.000950946635540974	-0.0007890187267478054	0.0042974997796134595	0.05407237871173205	-0.059543217446901504	-0.04408314540481823	-0.00949945117698632	-0.007934886181849843	-0.00998626140146857	-0.028726582583074697	-0.27598902340202724	0.0007590736236498057	0.035954586781854606	-0.02335762922128805	-0.029648275252299763	0.02186330672100087	-0.0986003706470688	0.006012208151160527	0.005793678938148253	-0.024994900323914822	-0.035769728179240574	-0.001965834732235787	0.057405650069057935	-0.022721368581551934	0.03682497944152586	0.004706093426911582	-0.09795376720080093	-0.0013936399362121622	0.05965436965526198	-0.08206743718534508	-0.0018191683952833884	0.00354478792521323	0.0010989499656140986	-0.04103571709037567	-0.519185455502235	0.023570358077149068	0.08683109206799437	0.01156615168053091	0.053628296532829065	-0.0009134135904495619	-0.13511517163436895	-0.14548574083800475	-0.016252401396214144	-0.024003008937233224	0.014061525520427276	0.00585342223261367	-0.010961175102095164	-0.008483078450933747	-0.0004918968438166165	0.059174180270982944	-0.03852155351144416	0.0824368090656001	-0.004852611941479581	-0.03781777760431677	0.02606674624199981	0.023712430517943396	-0.0046973178088307215	-0.06263358959092051	0.030233168288027072	0.0164896435483601	0.2610748690942773	-0.019844432924902004	-0.02661123403106149	-0.06937954724974514	0.01022637429663239	-0.0375243358004599	1.5285514001114644e-05	0.00962804932880336	0.002160081853692952	-0.004025876662045797	-0.029327473491747136	0.03628699804964017	-0.14942383508543836	-0.006785425235145075	-0.003056796735803082	0.0038770700769572815	-0.012031288413432152	-0.009055481817293074	0.00033178080769180824	0.02127733217555846	0.030318630519710326
0.001038818417412659	0.008617511832365966	0.011277723479118651	-0.007877729289176853	0.022595069035904178	-0.025637936848468254	-0.008509775189785122	0.01290630325741742	-0.010646587292078825	0.045528086412887206	0.008322523396197466	-0.022602880352817142	-0.015625573708050726	0.11619483981038109	0.02250755854853726	0.2612035509779837	-0.007050098338459071	0.002120918722497795	-0.008328530681790835	0.02682939680185533	0.04912171413636879	-0.002122851221013073	0.06028685412443462	-0.024205948734109594	0.025986700481309865	0.0002986338610915111	-0.05259909798850525	-0.05044782688184741	-0.0004330071209457865	0.004716883000900368	0.0027501702986304916	0.00543618852347138	0.0030082132204502865	-0.028528984628250223	0.008887029122212857	0.006144918359106421	0.0157807265145145	-0.001318750453123801	0.03613235250004889	-0.03823641721129917	-0.07326718081611862	-0.03410861072099546	0.00039462932112776703	-0.023592531845279718	-0.014469674096417053	-0.0015875658896589717	-0.06071037469289549	0.020297836309139613	0.02434035675775797	0.0042187891497707216	0.06351645445957335	0.027143526861084906	0.008981956924799563	7.721404145552854e-06	0.1228542157729455	-0.0015992522706967625	0.19415415219294713	-0.08447489247729591	0.014544037441165112	-0.000609653442168989	0.0044433349782441465	0.04558579917563954	0.07603135683915095	-0.025878870362505153	0.0012710852671166792	-0.007245277860184782	0.03908902578967601	0.016241780309357457	0.004944490457333928	0.053222117057417646	0.0016312764696598731	0.010287877374399124	0.011032158563967318	-0.00034050703920536236	-0.005515072544380494	0.004252609691517835	0.0013974692905252264	0.042953430953040175	0.0027296032828456585	0.00808071102498005	-0.00660447234064763	0.018240559354025996	0.0019900652863537255	0.007017150833524115	-0.005610606174487452	0.00854131949347642	0.0033595370051944917	-0.01217936171186227	0.030389252164226607	-0.00527553585369901	-0.02410472137004377	-0.0012363678062147327	0.008545602448218795	0.02272138171765174	0.0012686020079968575	0.004138346117879528	0.001019382722260554	-0.0001124899188739792	0.005310397769423417	-0.009693322366385858	0.09808570300588638	0.010927833277321067	-0.019055044608928085	0.0014449731678148176	0.0034241016728318017	0.017578288233568905	0.00033178080769180824	0.02127733217555846	-0.006209839985964766
-0.10693740613444878	-0.03947472065597433	-0.043115667187898186	0.02567768712737656	0.07119545848309382	0.005552346393927261	-0.006203988866811478	0.03047755457400158	-0.0051767617631520105	-0.024842878744631626	-0.012468195603049188	-0.0016370920228234074	-0.04197226047558057	0.14447081516265375	0.05621130221075389	0.04344278228219219	-0.0035472520880321765	6.304058705069821e-05	4.633201076854231e-05	-0.08530341662055958	0.05176056384871618	0.005472856315699086	0.12965088781326592	0.00451945844620851	-0.004043361997503216	0.004655039332168136	-0.040469539418738196	0.010917340549354568	0.0005775724387932061	0.005973306359104115	0.003237808671444396	-0.06943794088481396	-0.010635385960416096	0.006767812054072434	-0.004171982187911506	0.012525385343565098	0.009429941893563021	-0.1052584034674847	0.013941666203482935	-0.001613401263089401	0.014211284405477686	-0.018877000230750573	-0.024944339638086593	-0.015786099194864664	-0.00619537191831027	0.0037044735422978622	-0.045188373734526284	-0.012178508047546376	-0.007231252178788048	-0.0008851141473113852	0.015027536987595595	-0.10355165843955642	0.004406563832160437	0.00874149141294942	-0.01626782637912213	0.0006535259463739533	0.04225660794106603	-0.08018819477866816	0.01682667815498254	-0.0008862155719082323	0.0032973404227907275	0.06527733979833913	0.034996153334590066	0.012698643936550662	0.0594118865037533	0.014738022506369313	0.11340460837491723	-0.155554955210696	-0.01838054267709561	-0.11980714483192943	-0.06857410151185278	-0.010440471692705277	0.22028754700818703	0.0032608934203901168	-0.004591388411250742	0.15114009752850924	0.006937313749129224	-0.24751914690181173	-0.12792610250054898	0.11319654249936127	0.04288333524298867	-0.03781777760431677	-0.05992212727234388	0.07836954200288629	-0.0036174260422867513	0.018932126820376805	0.028287468556600043	0.03244716905266007	0.01348580572358432	-0.0013292132341076578	-0.04606644111444617	0.0013000274970448266	0.0053126918669086426	-0.014764605460340951	-0.005494630573450271	0.009122404303588683	-0.0005199626394081922	-0.001949238058870514	0.009744643905635784	-0.05947028203859494	-0.03663019110590903	-0.0029912533084028425	0.0017617410086655824	0.001997041596321691	0.010137204158356094	-0.009055481817293074	0.00033178080769180824	-0.03951504546889429	-0.006209839985964766
0.06666350863509947	-0.054352965688306935	0.02855310813251304	-0.05531329487139757	0.0521583422302338	-0.013359613156327183	-0.014671932849423525	-0.09222470332728394	0.01437054180641422	0.010086798119605053	-0.0015324038670989492	0.040341149024236175	0.09355845171649846	0.28656634818799503	0.00909096849832382	-0.08401280762411294	-0.0014552605998482163	0.0015556657516262596	0.007920277460134939	0.06998572375674175	-0.0028314053509390824	-0.0036978294431606377	-0.029341389281073472	0.04895250229065707	0.0788314230915523	-0.007484195061414181	0.045922122538406274	-0.058799098360186826	-0.0017107972313143871	-0.00821962187663007	0.011360779684019863	0.10102835006485042	0.04927035898224477	0.0538331616906619	-0.011830532764224291	-0.04240262889989596	-0.012770977896399648	0.07381194334038903	0.015750936188710016	0.08711727169525811	0.012873881241655009	0.01672607087728663	0.020820634711141758	0.02984448732313932	0.005864299618642361	0.009948862256455568	0.035711815978697235	0.06103638121577508	-0.027169606190690847	-0.014277637745544745	-0.026596914390465944	0.0066990052752517884	0.013146657504877904	-0.005589728425829039	0.12781074505325216	0.0006393642326792491	-0.001851564254694677	-0.03777416450595729	-0.0014360943259960999	0.006220499940412528	0.000734233401610588	0.10809672550092748	-0.013926287571840739	-0.06153559772273946	0.040549056798269215	-0.018149403145852384	0.0611837974106187	0.04415876375086521	0.03780747831396733	0.11941451990755504	0.016523119171282793	0.029054044436901363	-0.002379778939663782	-0.00908511853378577	-0.008573056514130947	0.0036599527087855846	-0.00661147331008025	0.1540228538300454	-0.006099433422280077	-0.021636014711283375	-0.0002556497194503896	0.02240886248752653	0.05848106413166549	0.0424398703118396	-0.001929200441919271	0.008856968783310873	0.05585179500559635	0.01313800254033671	0.09106197625143704	0.01679422662829966	-0.02120791937272438	0.0010702660833365946	0.0009261599645638593	-0.018307539115009156	-0.001093182358242072	0.0029055079724768867	-0.000630356158758038	-0.0013989671422758275	-0.020376152269302887	0.014896498393919185	-0.06702926078197309	-0.040279528465559225	0.01636652349636457	0.0032126078893382594	0.011218698752611049	-0.009055481817293074	0.00033178080769180824	-0.03951504546889429	-0.006209839985964766
-0.025022569896237818	-0.07847782492193452	0.006022593710428218	0.013637310660037547	0.04052157489160935	-0.01782106740301838	-0.016645381462281342	0.04483318266499704	-0.007022318374628654	0.014498312874938565	-0.001673077544348	0.028149662507119803	0.03697394037992522	0.15567279637998488	-0.21241223536725304	-0.00459480106976921	-0.009907692448898053	0.005423388635567688	-0.0069288278345095294	-0.023794866819611776	0.02900032199599317	-0.00225557115417916	0.057684114197599466	-0.03318521076393538	0.0465006606958382	0.0009716376782831601	0.025872069649736353	-0.1533166383826641	0.0019011916242524262	-0.0013756224479710593	0.014531671320373368	-0.02790126039609568	0.09531400006319463	-0.00677001850460466	-0.005559777089801412	0.0010647597306309186	0.01550666771118056	-0.09581435539363022	0.016987535119246992	0.002324636714246682	0.022124149574648998	-0.16232047888548312	-0.001756185693079485	-0.009669050804455109	0.05381120830202121	-0.0004597419904359232	0.03367437293326827	-0.07034603041196451	-0.03283001327651398	0.0028003244246557787	0.012176793429250201	0.022630688575229454	0.014025424311990739	-0.0003283161175535506	0.023210266582909624	0.0015316575522166071	0.12500582158275042	0.08320081889411422	-0.01796305344432599	0.0016033958833772594	0.003557609605476919	-0.12431003271069747	0.57296154023708	-0.06812358735449446	0.06167355028866227	0.05736933109768818	-0.10773643795486829	-0.06105277113265559	-0.10445880817681664	-0.07535887081930043	-0.0331063246166755	-0.052903200068932975	0.03372707255165625	-0.009601879641297599	-0.00229387970908362	-0.036462106177833575	-0.001836679075367031	-0.11138110785195894	0.01847474194392423	0.020358733605289444	-0.007586949351266443	0.0033349052356790635	-0.023516526325131227	-0.007809317932334633	0.00190401553223661	-0.008825590573598356	0.03287421745557625	0.048859015144441915	0.1239422037000129	0.06134004480728926	0.025872873791414282	-0.034140520386181185	-0.006215577816019679	0.021946708174957332	-0.0029768171529478073	-0.0034322676177906404	0.0006709444687831127	-0.004950491210230165	-0.03343898545955551	-0.0755630824930442	-0.15155383147833476	-0.02280731819755894	0.04839823318675334	-0.0041830502143396535	-0.025652530682705316	-0.009055481817293074	-0.002038082104392536	0.02127733217555846	-0.006209839985964766
-0.026726347337607727	-0.054623005644222816	0.03691556350983064	0.02486458594096919	0.04957018152702401	-0.012494485374362764	-0.0074278465731137805	0.017986829172023027	0.019702906435255685	-0.0038884556592986117	-0.01955716002651248	-0.024733833564245047	0.0007867217624954662	-0.015996163448238985	-0.064525927904114	0.0025571108063378767	-0.0012929170622783146	-0.0036538293745474264	0.00014305572910711591	-0.02188582374525687	0.019103573227816948	-0.003742355612369737	0.02014612770678597	-0.015541818032221025	-0.008451728141004927	0.0017731738696654038	0.02179428918417244	0.0778238750837522	8.338676942121814e-05	0.0022062759255973147	-0.00498872134719011	-0.0805399645086582	0.023676358271583625	0.046142368324742715	-0.0020520805798965145	-0.011463539446343377	-0.005316259273619592	-0.1685900253140485	0.018879920962942245	-0.024274423212736103	0.02954525278505148	-0.03233592488659212	-0.041707459585197296	-0.02957721430723355	-0.03216180291710655	0.012573297535708816	0.0021231647806389683	-0.016563484520749655	-0.08779089728085945	0.014470019308734771	0.0434488693096184	0.13547737960453582	0.08289835811000289	0.000992580782353954	-0.07660344916149775	0.001858420752098429	5.407987188067639e-05	0.31032215507230854	0.018051152553875065	-0.031474133948535196	0.0025343853632948427	-0.05838016158777585	0.10752343851421367	-0.04363449020236743	0.0037640887481528904	0.11382567021463298	0.06804120788289132	-0.03215261091975904	-0.14076473285836677	-0.15320667916043343	-0.0020113494573381426	-0.06726920793725989	-0.03130798221594466	-0.10118715076321441	-0.006930214705855698	-0.022974808276974554	0.0033802307018325436	-0.24751914690181173	-0.12792610250054898	0.11319654249936127	0.0007426902002933861	-0.03781777760431677	-0.05992212727234388	0.04274818664501168	0.01697352248639744	-0.002327847579578344	-0.04209913678130745	0.015393419728313509	0.11344382279125327	0.1071202103180329	0.03725630166496216	-0.019896438931905836	0.006875850992741755	-0.0495021033898164	0.004193701465370039	0.004740342019531972	0.0021323824196523853	-0.000521474581473048	-0.017562169330796126	-0.04781983366269447	0.04545806246374492	-0.005760376986858256	0.02474339295126737	-0.006782459727084694	-0.0053938002994814525	-0.009055481817293074	0.00033178080769180824	-0.03951504546889429	-0.006209839985964766
-0.1837821458272129	-0.04887272281290322	0.02134150034476882	-0.02755465902900224	-0.0008014604134641374	-0.014155869976388024	0.014195195257510071	-0.01213641993870622	-0.006646860498201408	0.022579649860968644	-0.007606795340391783	-0.04322726275992385	0.005207608265334454	-0.04112749533089956	-0.02984139670583192	0.08745436916334348	0.0024174502035670116	-0.003522775699268234	0.004450802613907273	-0.013183941435285262	0.04192984697793892	-0.001152471380298851	0.13147656479542463	0.021972898175880006	0.007328189262399596	-0.0016337260260079983	-0.041504123665385056	0.026173181478092278	-0.0011641961719552054	-0.002626305458616216	-0.013891989424520986	0.029011959625378805	-0.003715963442464739	-0.09391158826642401	0.0019713484050889627	-0.005077397948310441	0.0023427249382908387	-0.0548330264275933	0.026231827722124366	0.01912731787561251	-0.04982382673450274	-0.020805336347823142	0.001572692404358659	0.007603049011199841	-0.004800377894907927	0.0014941702299393679	-0.018747511767678148	0.012418122172275893	-0.02481973046194288	3.9559485550506254e-05	-0.011819462579539185	-0.10355165843955642	0.010379777506439803	-0.003839938704827547	-0.0045091787248981675	0.000320705195383711	0.08039778746128778	0.31032215507230854	0.01812358962878803	0.0013537894343143607	0.0024528788021630213	-0.021763172371039478	0.01805678804899668	-0.022421903807527167	-0.023537410472974935	0.04055490525877222	-0.020575631062703274	-0.005221804549885201	-0.024896905469638297	0.002050400561130456	-0.0008122980556003906	0.0038734908186392157	0.007436204290377589	-0.003541369470343762	-0.009509288761673835	-0.016524460077511766	-1.1414183766072061e-05	-0.021975372621991264	0.027619072216706717	0.00351158966028804	-0.006831987473615361	0.014448255803261546	0.026968088977737784	-0.04595203387666466	0.002234594663957024	0.07069410456981497	-0.02509354072790082	-0.007677870269087084	-0.0033076507064907106	0.029153914592518346	-0.026584615692975842	0.04745729214020655	-0.0034007660878171675	-0.061432740829224994	0.003091636109678407	-0.00041362066839608025	0.0004335917354959883	0.004024181577701528	-0.012740417131408915	0.0017664796115162509	0.03285785477017043	-0.00330182609506912	-0.017292299351586507	-0.0016031734881436477	-0.00710084582007821	0.017578288233568905	0.00033178080769180824	0.02127733217555846	-0.006209839985964766
0.1161394505235233	0.06990873069073528	-0.04267032306439174	-0.03650907319671691	-0.02275204915595491	-0.005725774492489936	0.021931200072965576	-0.02441223443422112	-0.007168251398414067	0.012113024963028676	0.00927852067969894	0.023623539586485588	-0.006122594665514406	0.47914741642470754	-0.05645532876568399	-0.12614605191368577	0.003148544077801761	-0.00016165814016155987	0.0031249654184287434	-0.05959756324054897	-0.017125411078223227	0.005249714571597441	-0.053752007782776855	-0.0736927566242073	-0.024599090447090372	-0.0032661525703377744	0.05301590428637854	0.0553681064530548	-0.002116427416245778	-0.008115441511789634	-0.013591148198063794	0.11079734842329628	-0.05612735441584344	0.050730885877685664	-0.0069987516342955814	-0.027107531235721773	-0.041746141604700644	0.18454912874953455	0.015994921545941305	-0.01696576075680967	0.013682282635823068	-0.007502564005874593	0.0424226174017257	-0.0021777559719879415	-0.04392294857863659	-0.010108317565453927	-0.01451310675141269	0.06406775419949005	0.01886400621209387	-0.016007630695192166	-0.06933180891025469	0.026336582888690546	-0.027462606787201346	-0.003978927091577489	0.09195831869446347	-0.0012507062334886053	0.07613738397249133	0.07178137605384498	-0.018500343452785704	0.0004463756658962678	0.0007491452356105033	-0.04218692165387503	-0.21450388685535948	-0.00403431983255092	0.11413455584392589	0.009523445211319634	-0.021993605916637814	-0.04495720529526066	-0.08493973958356221	-0.13020809340282408	-0.0163284111734101	-0.04461596554256099	-0.0018023907206984038	-0.008209763061927923	-0.002779591979946064	0.00798623277963828	-0.00631822945878119	-0.05634987150932205	-0.008046985234695533	0.0242903725367391	-0.0007271432358109646	0.009465226273379892	-0.0007144454841599359	0.007264243289398736	0.008695033995228578	0.011933963015722044	-0.06794438408181865	0.0028261536209728396	0.13242097950250623	0.008754018452537518	0.041385839783264405	-0.03505360115990349	0.0001774304016914149	0.0019399850261879188	-0.0006829628697420269	0.01046993692885477	0.0007133055728185262	0.004858667662053611	-0.010924852960858147	0.03395395458042747	0.041539618155257536	-0.01820979169588118	-0.024716427609646575	0.001118976059827309	-0.0020247470447706944	-0.009055481817293074	0.00033178080769180824	-0.03951504546889429	-0.006209839985964766
-0.11591732002768036	0.0912806997336449	0.042034372986426385	-0.04825482247779667	0.01297302597098836	-0.0048017868502546876	-0.012067938263557733	-0.06418122298859369	0.025584720384831807	-0.0840031594214173	-0.001176108184715056	0.02382238329525979	0.096058845879286	0.5736033606009734	-0.11829949494902897	-0.1358425437258125	0.0048807335550524805	-0.0001573237254980634	0.00569810682733653	0.07703800543716398	0.015959984248909858	-0.005053852148329152	-0.018786958699468632	-0.03844745763318704	0.002258193086590673	-0.0063575279317381	0.06535285221251987	-0.011704195335640424	-0.0008794132486798035	-0.006310896865656682	-0.011293997695706921	0.059602789191608774	0.007308499640220927	0.023166209569435634	-0.004430880213272517	-0.022550177133131913	-0.029992343021488864	0.14543961650494258	0.01324246712090076	0.06967322529436629	0.03568950197767525	-0.008253732801735025	-0.0033654705380089154	0.034167128470504696	-0.1277400271500721	0.01698828250777425	-0.005119537145060822	0.01069229201344402	0.030820926033042532	-0.003867026347764873	-0.02697713537871409	0.004615584054755089	-0.020986562856219495	0.0013975120056429926	-0.03922061860190302	-0.00016799166377782699	0.06825131033481205	-0.06600402692184863	-0.004584436881917663	0.005639440292081653	0.0014512739531988706	-0.09744207729612728	0.4884205377684836	-0.056788711170826345	0.08632675896727138	0.018226773335668318	-0.09181069679928354	-0.0526511331251533	-0.11898194150302281	-0.11613152401522601	-0.038336326553477906	-0.058227025250098756	0.000998058372371501	-0.017424952773364217	-0.00806295538631391	-0.01666113170466684	-0.004398460721389469	-0.08026805493821967	-0.016330611036762855	0.030101961109677246	-0.002983359631482046	-0.005195582830061354	-0.00879241765113665	0.03172986708841135	0.01623381845836974	-0.08289823020656963	-0.06290129599760572	0.023713550330888507	0.03878958570280711	0.013567325090921142	-0.014439235784083956	0.018904628737429294	-0.010936838958006997	-0.014757379517729183	0.0004695407216179732	-0.003862093512286367	0.000660308857451622	-0.0013673922035273753	-0.008923095374263593	-0.033761025089340514	0.10679166580122723	-0.028860384898750282	0.014324570815790376	-0.003424866321008097	-0.023870644866198408	0.017578288233568905	0.00033178080769180824	0.02127733217555846	-0.006209839985964766
0.1878872556442049	0.09208155583355154	0.14984004048973246	-0.06172873114748383	0.029276269397983685	0.16110011424317158	-0.0031480185500465056	-0.05126080127963282	0.0211487312194798	0.04923920444332296	-0.01955716002651248	0.055805611686823256	0.1092286342468712	0.42179103982150046	0.0054200682725713024	-0.2282078321110494	0.002993076637844907	0.003425738905000156	-0.01988222637317221	-0.01842932216959222	-0.08029602292475738	-0.009488911754824867	-0.20347740412086124	0.03149453906742781	-0.015609653737754548	-0.0047642588433224374	0.17882650021618712	-0.03655232670161462	-0.0017452506301508714	-0.019558166325873597	0.013449996431513721	0.166488245929418	-0.024309979232761562	0.0819313353707583	-0.02215745089170073	-0.03644760580531356	-0.038587798554710895	0.3346992068916045	-0.11149416976758666	0.08573742359921073	0.0558521677921732	0.011588489462957997	-0.02540603137777944	0.04921619348059834	-0.03343651955486309	0.004253091851076165	0.06446282318822265	0.06210117181907396	-0.016681544324596023	-0.014949570858603295	0.0921698758688443	0.14904437302799076	-0.001316886731012449	-0.00458678963472874	-0.0027185088121427356	-0.002559072250322096	0.06159376568598428	-0.005456086028773555	-0.003993958135866599	0.013748436150673869	-0.012131243593553978	0.012611558736731282	-0.11883270450182414	0.026733133137956985	-0.023276590183367373	0.02217020826021355	-0.03711349510764067	-0.0008392965976714658	-0.004704398958123344	-0.03309285318028629	0.0008463150770565423	-0.003781090437748514	-0.005362766481169695	-0.0011638954001926746	0.0065840775648342426	-0.006103087272773148	0.00013259648608733338	-0.11701885495493843	0.022232486840158612	-0.008392186715323356	-0.0013184288050606585	0.010005305635757224	0.02062482426687963	0.009349909603859525	-0.003319049034571512	-0.013129098038877799	-0.04167830032706565	0.0032234409982521204	-0.030819106836622374	-0.005089647535114514	-0.004233512973016632	0.007771144257906105	0.005258681125299336	-0.0035157131838821987	-0.008012142780443864	0.0017326037195718525	-9.245144964933476e-05	-0.0016621681862309093	-0.004600314689440811	-0.022614293875818092	-0.13679002342527857	-0.005641995989131891	0.014026789343659593	-0.0029342980193156473	-0.007475994131041771	-0.009055481817293074	0.00033178080769180824	-0.03951504546889429	-0.006209839985964766
0.17992550649335626	-0.03224898779846891	-0.007617312069587231	-0.030183585358924837	-0.008248223448012062	-0.0879874507476797	0.016125396601864395	-0.011562467356268117	0.0044510764025189435	-0.012356103526263882	-0.004384161133432769	0.0009742454151371615	0.11878643952653493	0.27232504002726027	0.0003466770303598626	0.04237501133920587	-0.0023240031230630665	-0.00039635928090385946	0.000799570075956262	-0.001205717106692006	-0.0231626256161194	0.0019513350508439044	0.012449357106113657	0.022471441621346445	-0.04460713217757458	-0.0039001676638251224	-0.058458588753833814	-0.01745021078713136	-8.716300102065661e-05	0.006022822363358802	-0.003050661639477603	0.015495672506164898	-0.03195968951190675	0.04620611886202388	0.002570396088059283	0.0008353797789114163	6.347516557767546e-05	0.20752100108808863	0.005345056572356304	0.01940220387816668	-0.01578536438507737	-0.03135467720695488	-0.0063095179070940975	0.03445485211758552	-0.06985859244107828	0.0007506693434439233	0.03182496798342833	0.012305850665126307	-0.016489404942827725	-0.0006298151711898088	-0.1357508990331605	0.04552807206671248	-0.007573380535007932	0.0013087517950959222	0.14398226694232213	-0.0003822129897164105	0.13971978071998215	-0.06925522093663639	0.014578751921483784	0.00585091801285345	-0.00046517617182377947	-0.03733771994041668	-0.2718599732535866	0.0298130792592183	-0.06673820944455475	0.03270007878297592	0.02109482959169208	0.023737767820722747	-0.03198719801772564	-0.059615270644879405	-0.012948797914139646	-0.006951083547543695	-0.01164276296987667	3.992864506003933e-05	-0.007753818033101317	-0.0005684052605856893	-8.247047889639376e-05	-0.11147470114594066	0.02039603695267058	0.016255672716640416	-0.0048975842845774735	-0.01522732067246323	-0.02451545058707101	-0.005470131690485908	0.0202514318220568	-0.013735018296400846	-0.050748486141137576	0.01817203073616999	-0.08457728990011126	-0.046156328405930085	0.0052742704065514715	-0.009281773608943163	-0.02063780113935647	-0.02565824014455023	-0.0033493223927133398	0.007330148290906382	0.0001855666672069852	0.0048279725893205306	0.006311010574387938	-0.01272330853236063	-0.002312400529650272	0.029877198046765537	0.05985359357527116	0.0032893091238436153	0.013322188561326349	0.017578288233568905	0.00033178080769180824	0.02127733217555846	-0.006209839985964766
0.11468619983767164	0.11193784210285468	-0.03734951035627694	-0.001025616310035351	-0.059346538056015405	-0.01714052681420323	0.017987993557653802	-0.04185640929207606	-0.01800397793835191	-0.00038222855772259735	0.004882127816206144	-0.0029477146988527787	0.022364651796742505	0.19981420523743845	0.004552930208076777	-0.004690852550383432	0.011173556688920974	0.000578305192568397	0.0036675217827167837	-0.0478411891512924	0.0002284173972100882	0.004338097208482186	-0.060845996627126295	0.047306314339581435	-0.03904163766918769	-0.0024105076750194497	-0.0474479399868476	-0.04377934185932894	0.0011996658532584877	0.005783188760278827	0.016231026880304356	0.000762002012647494	-0.008790128828098882	0.022096995880150173	-0.000334167450747223	0.01776006911319033	0.0047863392597395716	0.03803981184066705	-0.0803805915930153	-0.08256289822263815	-0.0389850289380491	-0.019341119671657157	-0.016473091514747008	0.04726800241965085	-0.03704786055905039	-0.00851951664579917	0.05693852830962604	-0.032689457266459214	0.028370069318328164	0.003928401169213705	0.05034160243494729	0.031313313003690044	0.019388391858471146	0.00396406712631506	-0.03326559496430506	0.000410603860044199	-0.07241327268242606	0.04461097037243588	0.049507259946779264	-0.00010301409004801173	0.0068665987387871346	-0.038385444104097347	-0.10014055675894613	0.0860594814078023	-0.0031313626729201783	-0.010101311949827163	0.11064684063239047	-0.023364572448715468	-0.0006812246996340884	-0.08779668938932701	0.001078956545510983	-0.003578690870173107	-0.012098342979296788	-0.008030616049411889	0.01834948271514445	-0.0014107796658383257	0.0030192984836749834	0.022066812617712588	-0.017834510338494605	-0.004080945351779736	-0.0003717011652666673	0.007602123087755568	-0.05992212727234388	0.060920053295248106	0.006133149438699583	-0.03575826956642021	-0.005083405248411684	-0.007876426560317382	0.02869248224332893	-0.11113073844527836	-0.030796497205874292	0.04090544983637956	0.00621428569555485	0.02486744010877124	0.0024329152760959997	-0.006211101209469888	0.0007786606058639863	-0.002797861896010339	0.011159703656622133	-0.044685434191475776	-0.04460203797321653	-0.001991820361555755	-0.01943583494222743	0.0018445345626510415	0.009921086279283503	-0.009055481817293074	0.00033178080769180824	0.02127733217555846	0.030318630519710326
0.1782909673342445	-0.03238434894948562	-0.09829303265469129	0.010314455178874695	-0.021521847557665535	0.16110011424317158	0.0014969483675361965	-0.02271489333901276	0.019926120947679503	-0.019093567789767344	-0.00040567274439337885	0.047041262000810685	-0.0316766807058697	-0.09866999555282414	0.06664298157003361	-0.04219837488871066	0.006277120251744852	-0.00015228722094234913	0.052231576052881194	-0.13961464306022567	-0.012213437328136567	0.012795295082167289	-0.11277013069839077	-0.004178671251943622	-0.07199452288377717	0.0006824411988686357	-0.06576643372294812	0.020452570530953926	-0.001816034142319017	-0.0020904038749508503	-0.009649549502923847	0.057096207967814214	-0.018832958229342226	0.05498872299063374	-0.009460771315995173	0.006164604104372019	-0.013672811853754172	0.12085278638306826	-0.03924713317424896	0.0013896901343000972	-0.005998808976700039	0.01967672943517811	0.06996338201738317	0.017161769180613302	-0.04050482765012911	0.0045299083264217594	0.10315355023448541	0.08209673113916284	0.08080560469615293	-0.0005740082430172491	-0.05643286745512465	0.01755867960446779	0.010460839855178627	-2.8047435684328307e-05	-0.04430117420430091	-0.0018521709180828155	-0.6531179792830508	0.024769555392273216	-0.012775532202348346	0.008790795073986793	-0.0065800485144816715	-0.10401521794844759	-0.10836464810322488	0.07782385797490522	-0.05081632836668209	-0.006817002869970004	0.02334029448300306	-0.029431519404782683	-0.029160457944913728	-0.0801002038470408	-0.010862536731948884	-0.015517895962436162	0.004471287725726094	0.010825642638929772	0.015015823078966827	0.00409933571710592	-0.000647721418523257	0.01216676133230044	0.013871199757333644	0.006317662331194791	0.0009047286147095346	-0.010987624832256165	-0.05992212727234388	-0.01526808532493709	0.006065018964560242	0.0012243072929652508	-0.04854808104248375	-0.0043776144997941975	-0.06033788035277736	-0.05453423297344162	-0.0016990736120576374	-0.05745294068724745	-0.008413459713180343	0.0074251022089795535	0.002958497934961403	0.00048521167640866404	0.0016573449818453588	-0.0007001606330037386	-0.010255892947464098	0.05548703743077406	0.17482194629306197	0.0024179833126625723	0.0016864496650193194	-0.0016176781922217682	-0.0024350381313648613	-0.009055481817293074	0.00033178080769180824	-0.03951504546889429	-0.006209839985964766
0.1317878976499462	0.017818299295986273	0.012321429123696822	-0.02254545594781248	0.05497207988301823	0.009132171728863792	-0.01712079931967001	-0.006751907539843219	0.07192351518204897	0.03798847548274863	-0.0020108963854224256	0.013412356243686856	-0.004776238793348684	-0.08389758653390518	0.05654853430555867	0.003882538793466333	-0.0036832009974042358	-0.0014773640976758168	0.007634598947536428	0.09614364671648401	-0.1156143255145694	-6.541670392613738e-05	-0.22485644491548282	0.0073033442639051874	0.0007049095895310499	-0.003926986684892843	0.07725462066680482	-0.0003035091586692969	-0.0006961951932693271	0.004542990827455145	-0.0030936665569124538	0.09238603163223083	0.019578024396481698	0.011996134056592465	-0.0012323893130845192	-0.02482355476703465	-0.0437531026148704	0.19797071488057136	0.011382190552423588	0.021722530240554414	-0.0017998147376233568	0.004349596595407551	0.03231323821678388	0.014379805049919833	-0.006170414822006411	0.012939335361707879	0.016328421307788565	0.01972486266361443	0.025290513706517432	0.00263385007292523	-0.005850496496250796	-0.10355165843955642	0.08043683647212757	-0.021944269503721216	-0.05435898941437157	0.000792879654140762	-0.13361805899711052	0.31032215507230854	-0.0049014702369303085	0.009009484858583772	0.001590871892210488	0.004267485193165553	9.357546299848482e-05	0.0015157296125018623	-0.026575025880205595	-0.004971074477331207	0.030543948636772983	0.026596504816108736	0.001686104404275463	0.0019724880035305085	0.0018273587451717703	0.005965920579357062	-0.03183552413653453	-0.0010131497500885166	0.002695089072475297	0.003450031991991448	-0.009611317978893055	0.10386949635951778	0.04050771923164217	-0.015852196133702607	-0.007723396725816607	-0.03781777760431677	-0.05992212727234388	0.046903042143131166	-0.005598335228351834	0.017312511616083482	0.01495457488368451	-0.01739771396271767	-0.04593244344399841	0.01658950687357891	-0.04325405389352347	0.020093127673508005	0.0052772233848684185	0.02821967723571732	-0.0019995838131629338	-0.007679178069011818	0.0008095210304869893	0.007205507439491725	0.010472544190087184	0.022839391012243346	0.00618514665168104	0.0024697959535800694	0.02605553892610901	-0.0006714569046099494	0.0011958606649385287	0.017578288233568905	0.00033178080769180824	0.02127733217555846	-0.006209839985964766
0.033089447755042446	-0.010331258843492615	-0.024694982906070036	-0.011452214610895944	0.02871839006010884	-0.0041595050325401225	-0.011766898171256313	-0.006542089975640725	0.020343072878440664	-0.03987869226057138	-0.013530785933947237	-0.04052814782556858	-0.07962627221178017	0.26946690892096614	0.06189528176845623	0.277026479413978	-0.008803705137358536	-0.00579879685230798	0.009160380228175707	-0.016364476995998207	0.036060519028117126	0.0029377013629783354	0.028762753762751572	-0.03631716916276755	-0.00081833372827743	-0.0011050586016245745	-0.0493244563855955	0.06902761888298421	-0.002288836272772928	0.009620627924281026	-0.02139738274775229	0.051983895481791983	-0.005702399672145581	0.036312079013110926	0.007151011046430915	-0.014900553226413265	-0.019044013654505164	0.1520130496667436	0.03540369443140885	0.06057542679544092	-0.06415683029000689	-0.019164055608824622	-0.02567212268037875	0.004228097372969988	-0.033549245395476296	0.00863343534809215	0.004191636868626306	0.0687708450063482	-0.06860647089571029	-0.01562995632799966	-0.0036854814994983025	-0.045192452999797794	0.06433083573534965	0.005916202169027343	-0.019445486999250215	0.0003733165574019088	0.08346281576102446	-0.024074571640822537	0.021887586607888417	0.0075155557046361786	0.0028999956146671577	0.01306755115940346	-0.08876496708361663	-0.034049377129947565	0.028671864927961643	-0.03452698391001303	-0.07567308511677077	0.03639413541810718	0.006748479118678736	0.04484288979893258	0.006818162056943291	0.0071355166195469395	-0.02278197183963223	-0.00357025985318064	-0.01211869026036773	-0.011416669026145233	-0.0016108635476815246	-0.24751914690181173	0.02432450542836286	-0.0033219873080037095	-0.006525390257538785	0.04058664097049847	-0.05992212727234388	-0.04867740943526527	0.0016079990982779016	0.05253017010328733	-0.028787109704736424	-0.023005401915361715	-0.13769890671074536	0.010711725964470413	-0.03149776311137952	-0.015564934728131656	-0.00011101069559569921	0.028719212268462767	0.003077938297671525	-0.005582143869034634	-0.00020088097420615692	0.008234204365286855	0.02610552232055426	-0.051010232216627975	0.08955040990991171	-0.004692675069366775	-0.04098889460500761	-0.001587585088247896	-0.00199124182976175	-0.009055481817293074	0.00033178080769180824	-0.03951504546889429	-0.006209839985964766
0.06033906648649456	-0.03680561336018628	0.013605491206517228	-0.00514392552527612	0.008169342384585805	0.005231303612834052	-0.002671235488465499	-0.0030461037124360343	-0.008010667857749438	-0.005423235137912539	-0.006046191286996077	0.022201098578816737	-0.038521043446521644	-0.17350196172665538	0.062494252578873484	0.03370411757290919	-0.011721920157354938	0.003565220280180894	0.007916563942196834	0.009010010964975251	-0.041924584043450876	-0.002212497087185699	-0.045952006062275036	-0.004457196806488343	-0.027461195872060046	0.0012679745884449528	0.05577026836078999	-0.03044500557712818	-0.0007263241787400261	-0.0045019091014232935	-0.0036644306466881013	0.030150479299097387	0.05123402270198663	-0.014527784718098498	-0.011775846995423016	-0.004630237957525307	-0.03393929741000689	0.07730639725592187	0.007531449084541401	-0.06135709244135077	0.0076297273576257756	0.00995243431320816	0.028072480782282905	0.014775569829045355	-0.0002684610318889863	-0.012518470564748035	-0.03931808052761188	0.019108785062011715	0.005943678738506802	0.004112964161800788	-0.023714539647084986	-0.10355165843955642	0.013288090863898733	-0.015040252205409253	-0.009629633902349145	-0.0016319998513056372	-0.0075882430148612855	0.31032215507230854	-0.016481711661143355	0.006913858181294967	0.0015411742425581038	-0.007154031725366141	-0.1709678610927035	-0.027313768585286193	-0.05634677578079198	0.004820338671321249	-0.04945101969401363	0.023716552779745655	-0.01731845202055964	0.022178074670271566	0.003134187396064778	0.020852120765855974	-0.039924840702608676	0.0193242490717567	-0.012663703348723668	-0.0028619619489696603	9.851598838295468e-05	0.06374722300618871	0.01701051725489505	-0.009288861076735964	-0.002123160467554544	0.012106426094052256	-0.05992212727234388	-0.1067322189575089	-0.0070056463606211735	-0.020809256116851627	-0.026642450941918718	0.0474057925741177	0.1490750945739052	-0.07798357221105509	-0.04830069142341205	0.04373359702896399	0.01256776335002457	0.006823792766326922	-0.007989313329152927	0.004110977728271246	0.0015532620919668505	0.0003137172946926548	-0.027838254871059634	0.048595748542789204	-0.12077848540212759	-0.00886287907553783	0.07876504764832977	-0.002023786661684302	-0.011946896585555375	0.017578288233568905	0.00033178080769180824	0.02127733217555846	-0.006209839985964766
-0.01421383705145956	-0.05224292273163329	0.02418034495481714	0.0033461438297793587	0.05064682732410764	0.052419469268285925	-0.00761157517970722	-0.008832548283813552	0.04712620625816113	0.036670078231174866	0.0024749288474226593	0.046586150783863155	-0.015326014494437448	-0.16624992638512368	-0.016551969935681594	-0.050502724334468445	0.0011905205424247293	-0.0005606514800127923	0.052231576052881194	0.09422987946640161	-0.021739451363848944	-0.002997780944439626	-0.08281233808967045	0.04519676622604304	-0.027620782176739266	0.0007652563550838217	0.06386844862494319	-0.0011990741305609098	-0.001054356713834479	0.004181397188460038	0.0018400117491329236	0.008306368811428216	0.045307355340038935	-0.03378247929279093	0.0057119007138064035	-0.014943522966312886	-0.0012041291317589763	0.10271862726756442	-0.0421693363962759	0.011843935767799265	-0.01103768587049926	0.014153844325435561	0.08476741332051707	-0.02829225454827954	-0.027121735008340895	0.00708670772624252	0.1866980164020757	0.0431385989321608	-0.01668448353422763	0.0006179800200141019	0.030557586187324605	0.00028009739511393374	0.006402765333837705	-0.0069159073523392305	-0.07123121824359635	-0.0003781468325516181	-0.2761361120070482	0.04289576507266883	0.004706910109978077	0.006907645755062698	-0.009963141301124983	0.055309751681588595	-0.24927266069063472	-0.0419979275644416	0.0045217377041791	0.020538713957026875	0.028115846502297644	0.023523447702519854	-0.015471798411106604	0.014106349785166701	0.013428936345661379	0.02041452577315323	0.007997454394732232	0.023723377522616947	-0.020255869930812156	-0.023757535486173265	-0.008971010391822475	0.11200158787753267	0.011609134920123545	-0.002672907678362578	0.04288333524298867	-0.03781777760431677	0.06585306341099294	0.0716078562460295	-0.002652830416850759	-0.002184246631537182	-0.014662774010854288	-0.019194373792807536	-0.1992366685544892	0.02048859259028042	-0.031661282853544685	-0.0331784311536378	0.0071688858694644655	0.015962893408119874	-0.005433471357055228	-0.00581987129174955	-0.0012920833861830281	0.005418225451874316	0.00574735708494832	0.09976144506780649	0.0749362339576707	-0.011605393135897969	0.036847162648276165	-0.0003594378640776704	-0.0052753526147519434	-0.009055481817293074	0.00033178080769180824	-0.03951504546889429	-0.006209839985964766
-0.19121272753255228	-0.15106612690403504	0.041433848590529405	0.010030448666720093	0.04335110876306729	-0.00606740062368076	-0.020347641523155897	0.03654184947664346	0.07303880986071579	0.0023848708287963452	-0.007264242467293709	0.04539347844263185	0.010543501968769537	-0.20392900130061672	0.03264152625209529	-0.1383843849172628	-0.0007376672084314909	0.0029466671083160493	-0.0037588491077893593	0.1237143019551561	-0.016016311853213606	-0.002789239472040749	0.012214886348446757	-0.026136835001018422	0.04932867724871714	0.0027627265242053042	0.139252187340341	-0.08603653232930496	0.002105946454534161	-0.012243603899419944	0.02137895333051224	-0.02634366144070618	0.07111834377185298	-0.019343356847911556	-0.0028778216861121177	-0.01676890537755936	-0.008954436062667258	-0.0759318869656685	-0.016738315245894295	0.046360508806744694	0.04634073450849632	0.011997900465108144	0.06751395668268512	-0.018384145508807462	0.10966200492932414	0.0603883103325586	0.005707522159510478	-0.08755589526703793	-0.10171987445443939	-0.0029945338012725767	-0.0008750226327452731	-0.10355165843955642	-0.09187875180182294	-0.0017579877005221103	0.00797723232815204	0.0015538494928506931	-0.06120114894187667	0.03185792121463903	-0.011134775023082943	-8.444247285781599e-05	0.001115491179434002	0.06654985677630039	0.022549801108841132	-0.04858317240483462	-0.013347616981333254	-0.011484027396686958	0.2631145600140172	0.009961388465840248	0.08979646510943977	-0.044167441930440116	-0.053905687676642104	0.011230968700132023	-0.0392738253076311	-0.059911576554236054	-0.00016589506503437984	-0.007615484916788782	0.0037732799899122876	-0.24751914690181173	0.03461379784428505	-0.011603203250832736	-0.0004148730425801632	0.043669373953533715	-0.05992212727234388	0.031688859487837825	-0.02387515979256273	0.010075861725894102	0.022044947001740187	0.04883755153051681	0.14909264124231347	-0.010708537898693806	0.011590832012206814	-0.0564417194295576	-0.001358959990847109	-0.06147550838684298	0.0015947426061838465	0.004748180179384252	0.002315400515641712	-0.005782063471962387	-0.027371583142364705	-0.012204869225152156	-0.14433764675232277	-0.005432573560559008	0.06445745400099441	-0.0029594712618625798	0.0013935031774571433	-0.009055481817293074	-0.002038082104392536	0.02127733217555846	-0.006209839985964766
0.0006230434222399949	-0.033322707264281624	-0.03776539719826217	0.007175630521163612	0.038624184138886776	-0.006194608882852209	-0.008506994294801243	0.003907210720066303	-0.014308565225212538	-0.025280723960222917	-0.007297609537070779	-0.004727432393008063	-0.14831401945943679	-0.10475283845584608	0.0790722241777642	-0.029041800261459232	-0.007713417968668377	-0.0014351785223786085	0.0018592652816007095	-0.03632761029420771	0.001527706279444634	0.004562104419854565	-0.007846871783396273	-0.02730485335854801	0.05530086576629828	-0.001942808937581776	0.017995370391710532	0.08559994484688871	2.0860092225249397e-05	-0.00023196374974354588	-0.015311436298248783	0.029913918376501786	0.060609228324443355	0.027483204389504794	-0.0011623733903216372	-0.01499663934522863	-0.005380112550286231	0.06832477624786461	0.020784252475452528	0.039940645429829016	-0.025737685078440233	-0.015605313123513726	-0.04418862782027038	0.022175114255840137	0.055393380069500515	-0.006682840501832636	-0.012971708119368179	-0.010327380792781532	0.028315518090486158	-0.0011417794267467882	0.01176714914677065	-0.10355165843955642	0.008198136695745038	0.002326840456596132	0.01743818500983155	0.001120220368042741	-0.02020522363993039	-0.024374096395566217	0.004280207354506068	7.76728793891935e-06	0.002763502318476755	0.05024958182174527	0.1603150248764462	-0.06275349926396749	-0.07800963054315678	-0.012914446464938884	0.032682799743157416	0.021014444563664247	0.05955441028060187	0.1352580393005478	0.01500231319828337	0.03243781293707433	-0.009934686574266093	-0.011351491782968093	-0.01261293914022584	-0.006556352009030878	0.002917283268885814	0.06532128976073882	0.026636633503025697	-0.015013679397077463	0.0007130793243415839	0.03275158565768885	0.044127525986393606	-0.10891860161804465	-0.006044315375691314	-0.026142722655455135	-0.03456112715569925	-0.023630238094605766	0.06760335109599003	0.06919312671517056	0.003084139953362374	0.059210631278499674	0.013579460861905191	-0.023060132412032	-0.0018887959372144796	-0.0009493320962871521	0.0004757668863647904	0.0007195450251701078	-0.01121234982571714	0.047159285179605714	0.06009919096698521	0.000957811827461465	-0.0038098827885280117	-0.0005589718585071852	0.0012943194832537486	-0.009055481817293074	0.00033178080769180824	-0.03951504546889429	-0.006209839985964766
-0.06375187505038031	-0.00349700603983144	-0.003598741234752524	0.04566375931384091	-0.002149099133469605	0.16110011424317158	-0.009461554395988009	0.02705492711811288	-0.026581470695484496	0.012900290448561547	0.00027858721307175854	0.017085387222845732	-0.020443345442981434	-0.07645875593828882	0.0156742315393295	0.2111318962930034	0.0037421604806939933	-0.005022726786971569	0.018167756450408985	-0.0010472352081854796	-0.09383160919879815	-0.0014724614640833468	-0.10400769147768202	-0.04318198741575795	-0.01926481587528368	0.002508567709072418	-0.014449866624749539	0.11488343284562644	-0.0008250693707947958	0.000568707588275789	0.013184066444570697	-0.022720197332890598	-0.010543739557194997	-0.09446568800159766	0.009344828043487331	-0.00103667383301305	0.010591313411061187	-0.2114812077270968	0.06445121315674401	-0.009998343484206406	-0.05899764522740671	-0.005437452319697706	0.007296356062918146	0.019363088401490206	-0.07202916742551166	-0.011118156905262942	0.02185276848433887	0.03724855386706882	0.013431219456366387	-0.009852006923388806	0.02942012260291775	-0.04955685168671716	-0.28100856609169395	5.469834914314356e-05	-0.011953479224442525	-0.002085208418015188	0.16395717528896084	-0.0854507025775449	-0.16884706311730574	0.009095566364261367	0.0013951623057788637	-0.07295008580755319	-0.024292704104298755	0.022105667032693194	-0.006586908341858008	0.020679086896599263	-0.024539099121765797	-0.005424499622641415	-0.03508459316971595	-0.06696870064197855	-0.009378523472288357	-0.001881665294409889	0.011721205322522386	0.004294595917289871	-0.0009572030221061716	-0.015040506819201013	0.00425139428638808	-0.017441479215214085	0.008954430038311853	0.01852982496442555	-0.0034521966054228445	0.011000793594786762	-0.012144460866845806	0.013231709731566572	0.006573593802902121	-0.013411286007316676	0.0464299119344585	0.0483890694698978	0.023415426022331255	-0.03785088949034942	0.0042301780910837215	-0.01767474428074838	0.0012428139939078798	0.03416031178373839	0.0027049109458113034	-0.0010510581078772877	-2.7469103936026195e-05	-0.0037999686105783296	-0.05732761040315792	0.10755986719593431	0.07628830355512574	-0.003953226602433967	0.00357333873730167	-0.0017021104378989575	-0.0028857007030248048	-0.009055481817293074	0.00033178080769180824	-0.03951504546889429	-0.006209839985964766
-0.19539231347908592	-0.08012729886744263	-0.008240151727823152	0.025991152968082555	0.0248816847000827	0.06704557291133376	-0.02543560704695437	-0.002947688723503075	-0.029346487503158825	0.001114661000204454	0.000725225693662692	0.04194433912882082	-0.03381851701890386	-0.15213360197706485	-0.029313799937938513	-0.026577840342918903	0.009302846979418368	0.004579641371503645	-0.01010724860935737	0.011925930785996705	0.04107391499134501	0.001390952635383579	0.06219340470119246	0.014433887737110145	-0.031438127449315116	0.002464826786126893	0.12556248424904118	-0.10976132121499801	-5.299203676820224e-05	-0.003638163093747102	-0.006066836989258167	-0.01997060915701775	-0.03069768242846232	-0.03819677079758761	-0.01280669144873212	-0.005818389048912317	-0.014663317260498422	-0.09499404526199587	-0.054813157399018736	-0.05217726489428234	0.03753422705772764	0.014496150548695899	0.04150599772521347	-0.029476434679308928	-0.04571041252638556	-0.011121260059512734	-0.03479179598094268	0.001206105109979425	-0.07681924904981025	0.006793300473228422	0.07347601934616124	0.0025691547864900148	0.026754883342535434	0.0023826499559083596	-0.05274032285830122	0.0011143238874519563	-0.6531179792830508	-0.035977830566562854	-0.02083716108101756	0.0023790973982703795	0.00103613199249592	-0.04020311525587114	-0.4063526137499928	0.00646607555046369	-0.01946729551069711	0.028781146949715924	-0.013642652384549448	0.010350534003768461	-0.04916333613731539	-0.08187629555588234	-0.0016529911472088368	-0.010623180791794374	-0.006822075552310225	0.0035942359502250452	0.004303699377219038	-0.019595187378930616	7.985923604246812e-05	-0.01257759487931869	-0.009234132689367113	0.021909424218947128	0.000398474181913326	-0.03781777760431677	-0.05992212727234388	-0.007212709069591791	-0.0030103500200572794	-0.017578373664124354	-0.07477078851027087	-0.014146249209593415	-0.0036950499855559122	0.05975205948557669	0.030673271442587826	0.017731156673915924	0.004564588232230657	0.0717458982861819	-0.005605221340198028	0.0021756609904619215	0.0006981432889283334	-0.0006956112403462252	0.009269245858639327	0.05168805987974792	0.017422795046505506	0.06355850205623252	-0.004365119985203308	-0.00015157278220707777	0.0013430404967452324	-0.009055481817293074	-0.002038082104392536	0.02127733217555846	-0.006209839985964766
0.09605264689087757	-0.011563285773500152	0.025725146670091827	0.0495923779577001	-0.01772573565017069	-0.014159395244123773	0.04079256564979693	-0.008569420736007884	0.009206950044938518	0.03334906737541655	-0.004450342704142534	-0.033523621516354976	0.12353626375478656	0.6063761901905991	0.013463591574506937	0.3405956832844275	0.002129351287524799	-0.004873103463294219	-0.020468974564640925	0.0332212312976027	0.016796247680022042	-0.0019187395771746933	0.04459974188830815	0.023772103792367265	0.03465157183988476	0.00221851057544042	-0.006281407389313357	0.011384628806274125	0.0011556903877538213	0.0009850062064205073	0.007560570460230524	-0.06155073588432321	-0.06749328509693699	0.00022037085237311646	0.0002345636310272428	0.025200043603294434	0.04269186719694895	-0.15152327721505718	-0.0005775152085570418	0.03532384716833992	0.018496139472936737	-0.022582455941020027	0.009469147711457251	0.017262184374693262	0.052937374626651094	0.007272171486197097	0.030497184544227875	-0.03798853846058631	-0.12947888304989447	-0.008243065388944926	0.13822235057084958	-0.10355165843955642	0.05486439336686509	0.007930600683397116	-0.005782709238912882	-0.0015550560180826358	0.039773647168431556	-0.005726765738143318	0.005208472047235037	-0.0031722660495176296	0.0025592054566870824	0.0844641018994686	-0.14418195095939756	-0.04750313763014741	0.01585408497169942	-0.03182316128535752	0.15989146996948728	0.04886173015706209	0.03515630049801584	0.06154426883833563	0.02074569002410274	0.023338557394449226	0.0065745416742585055	0.025708754020956428	0.008388915824953203	-0.00822055308392908	-0.007828828251901671	0.1624547957736188	-0.011602177721132114	-0.00453570388861982	-0.0066375325830279105	-0.03781777760431677	-0.05992212727234388	-0.08170724947005945	-0.0016148695559074673	-0.03055159095860373	-0.009818386307770498	0.04715132735516831	0.04783560727829778	0.009192855801019618	-0.0044763884842654355	-0.01810784840471166	-0.0023587567175224096	0.03843244468534372	-0.011928838300780013	0.0035147650020458635	0.0007700821200913241	-0.002767522226424576	0.04391355748439402	0.042934358627951086	-0.06285529939163291	-0.002808699084934158	0.028589600401794896	0.0069527663890515306	0.015880094811802973	-0.009055481817293074	0.00033178080769180824	0.02127733217555846	0.030318630519710326
0.06752796729962265	-0.028212858125515324	-0.03510187703944545	-0.014921539760638688	0.026748827726957095	0.04032685805860104	-0.009981288432554894	0.02217290283140899	-0.0045441717372722385	-0.026408398913488017	-0.01955716002651248	0.008336732330652089	0.11489825993152461	0.2242484884441807	0.035246756771230014	0.10711884298614578	-0.002022453798203673	0.0019199126511961556	0.005232610042611544	-0.02422361558187019	0.0648766105253534	0.004384414999314214	0.08152438806485351	0.014930611750264831	0.009164096499268403	-0.0008139272463833069	0.02587994252230966	-0.015786353324499635	0.0004128741443464881	0.006481806279482865	-0.008047126313860805	0.04787039505434965	0.02297434716582607	0.035503104039461	0.00928505872873403	0.009612162854729848	0.0267684735686937	0.035823499673898335	0.01733958188762601	0.03706462781426856	-0.05528437215344259	0.02061452328919223	-0.013643614506583218	0.013712121072578515	0.11268738220652483	0.0006238940524457712	0.016888431988280102	-0.009999774036958632	-0.007231117156957689	-0.00033714028009401763	-0.009072224449228634	0.008290916350975713	-0.002024802137850218	0.0023648595182975897	0.5721844899766625	0.0007216590951177954	0.08213087097282958	0.31032215507230854	-0.0019760903609526803	0.0034794882163442786	0.005790709776785747	0.04371108597179072	0.20499329959882262	0.0017495779803676178	-0.052740688322077976	-0.022125844108990697	0.004128793005872925	0.0044497851588660734	0.05623427823327418	0.05225111636264522	0.013622394854362268	0.023473993258735032	-0.002366965527124518	0.00950649032107998	0.004449068114814361	0.006078278615888422	0.002943831891498561	0.08071711059665627	-0.05615784253948297	-0.015319249378766431	-0.001345073026796459	0.01902998712527999	0.050431502515387895	-0.03991397108956586	-0.00488370865480574	-0.027534500342664425	-0.05801819238079481	-0.006608059609278793	0.04749189435594547	-0.019769754360778418	-0.0029546406163734567	-0.012437305400866875	-0.006274110594355831	0.006202827649731027	-0.0017234204821214396	0.011030037617015043	0.0007752798396230189	0.00034317287333891306	-0.019201665648640693	0.06464034139140826	0.07716625592188302	-0.004228782301514779	-0.032646404033470765	-0.000900504010306447	-0.0006581590013709763	-0.009055481817293074	-0.002038082104392536	0.02127733217555846	-0.006209839985964766
-0.24940295599120807	-0.03797386637012772	-0.04645018275941964	0.027055091953446592	-0.034868897583455946	-0.0026764019355693083	-0.0021493006771507875	0.005501211188318075	0.0024680501884527624	-0.014013296846900567	0.0017835683454991288	0.008935498173994512	-0.002856511561911899	-0.0238260529485578	0.047369048248098136	0.010075039643158621	0.008707761912917644	-0.0043199812000780545	0.002989041723715793	-0.008115210578020329	0.05994089550258455	0.006131823349345793	-0.03486963671159824	-0.04576794349127831	-0.035924890291744435	0.00549324517266406	-0.1113370238991015	-0.025628495117925823	2.16296060803045e-05	0.0009644187104162154	0.02321984402270609	-0.04622396671118099	0.021782427847041638	0.0021551387363450613	-0.0012859382005571554	0.005283641757096335	-0.0039012628310303226	-0.03995112480181532	-0.012154883965428706	-0.10260298843936637	0.060170793255774686	-0.02994051772628768	-0.06030392978990262	-0.03230500049022551	0.0070448231568419105	-0.010868342612959561	0.11496189274877441	0.0020620686771499136	-0.05440802236977439	0.003635522482594995	0.004470344797310539	0.037682197476738385	-0.005219599297597243	0.0017753873034559926	0.02327938527974654	-0.00043139991646177404	0.02713977105261791	-0.0383620364140009	0.013212831125322948	0.0031724747007689366	-0.004460157569308648	-0.10360893899185246	-0.06449860959379052	0.053699928786473006	-0.009958550270739469	0.01105940132794705	0.020517449365381232	-0.01288518334151354	-0.00833621997942333	-0.07234138730905595	0.0013173603220658098	0.006364693465803604	-0.002118474714771437	0.006495855728923395	-0.004293936466794313	-0.010234264413734352	0.006232498768694464	-0.24751914690181173	0.0269655937091611	0.0026551928947967846	-0.000273383075952264	0.018107178951854392	-0.05992212727234388	0.021024631138463562	0.013015795821371945	-0.0013858872949088874	-0.08768710319298711	-0.02837679460008656	0.058240867583394494	-0.026336424300993796	0.001628241183171019	-0.015879015592569535	0.01061098222261752	0.015604002580857968	0.0024844289288609277	-0.0013234334310580585	-0.0001370259157128708	0.003388102842057582	-0.007461491622108052	0.022451867668510803	0.008622190216639881	-0.006625403868963723	-0.010838245054914254	-0.0021656760539433303	-0.0031798493408211333	-0.009055481817293074	0.00033178080769180824	-0.03951504546889429	-0.006209839985964766
0.1601517706948905	-0.08368412889218689	-0.025026239368308195	0.02148589705309235	0.028504245104453246	0.05608856932725215	-0.008747776658292216	0.004340785320381858	-0.02666780125324538	-0.00967216049968664	0.0011094360487302257	0.00969431883620746	0.018395085593624752	-0.3330763211860037	0.0529792606939209	-0.03898688381422443	-0.000794826386886926	0.0009586828602317037	0.0020688735509356293	-0.11984177972050249	0.005926852595670761	0.003806739171269872	-0.06684430519031104	0.007997521488507393	-0.01900980599511037	0.0012077312808229973	-0.03375406622967611	-0.003467868756422182	-0.001046726329426272	-0.005135464830199041	0.0006929232367662926	-0.03639471281260626	0.05937051321160581	-0.027923509559135997	0.0017821395379175224	-0.005119648894324949	0.004702826785954647	-0.03581841293690203	-0.03983680939418942	-0.03632110466916411	-0.01662877780713555	0.01970796341553401	-0.025183416169911925	-0.01253040473553641	-0.008188877920201305	-0.018546825533244	0.05596983892519857	0.042089212853718215	-0.005059308725801677	-0.001066932821870388	0.10399942986672217	0.0075649035817351605	0.0166035224195268	0.006018679177702206	-0.052662809197839645	0.00022235525375388055	-0.3295075453278621	-0.05460235084119566	-0.017552143400274448	-2.4423837697221675e-05	0.001969163125789478	-0.04078485717620523	0.31202596146434186	0.10246636812937164	-0.1377601002599542	0.10473589758598295	1.4132522033678916	0.006805214623669718	-0.5738196506539962	-0.037088140038003994	-0.06857410151185278	0.005810536426104359	-0.049597061774060654	0.014087475188368389	0.14889554796674853	-0.008880029376815821	0.01615416774397408	-0.24751914690181173	-0.12792610250054898	0.11319654249936127	0.04288333524298867	-0.03781777760431677	-0.05992212727234388	-0.009198870025500778	-0.017144154608793063	0.01769873043984539	0.011446011149190112	0.016405046848633795	0.022285110569611327	0.004668242203638213	0.026101828136462824	-0.019188585997277945	-0.0019180471852359767	0.017455350892879834	-0.006855188795090191	-0.0045034903258494	-0.0014703830279119852	-0.0005218791935243393	0.005498216363137979	0.024952935296243036	0.07616603245649399	-0.007449694835571179	0.021296035729133845	-0.000424886576568747	0.002307938857790896	-0.009055481817293074	-0.002038082104392536	0.02127733217555846	-0.006209839985964766
